,Insider_Name,Insider_Title,Buy_or_Sell,Ticker,Price,Quantity,Value,Number_Owned,Change_in_Number_Owned,Filing_Date,Trade_Date
0,Ellin Robert S,"CEO, COB, 10%",P - Purchase,LIVX,$2.53,"+3,700","+$9,349","17,452,994",0%,2020-12-10 21:51:15,2020-12-08
1,"Etzioni Partners, LLC",10%,S - Sale,BDGE,$24.33,"-68,937","-$1,676,904","22,672",-75%,2020-12-10 21:47:11,2020-12-08
2,Renz Maria,Dir,P - Purchase,DASH,$175.10,+234,"+$40,973",234,New,2020-12-10 21:36:18,2020-12-10
3,Kellogg W K Foundation Trust,10%,S - Sale,K,$61.98,"-83,333","-$5,165,163","60,548,504",0%,2020-12-10 21:29:40,2020-12-10
4,Locascio Robert P,CEO,S - Sale+OE,LPSN,$56.33,"-400,000","-$22,533,135","4,633,449",-8%,2020-12-10 21:18:02,2020-12-08
5,Cooper Stephen Forbes,CEO,S - Sale,WMG,$31.04,"-557,000","-$17,289,280","11,852,797",-4%,2020-12-10 21:00:30,2020-12-08
6,Farokhzad Omid,"CEO, Chair of the Board, 10%",S - Sale+OE,SEER,$19.00,"-526,315","-$9,999,985","532,138",-50%,2020-12-10 20:44:44,2020-12-08
7,Kong David,Dir,S - Sale,UEC,$1.38,"-7,000","-$9,660","136,958",-5%,2020-12-10 20:36:54,2020-12-10
8,Su Lisa T,"Pres, CEO",S - Sale+OE,AMD,$92.89,"-150,000","-$13,933,190","2,907,040",-5%,2020-12-10 20:35:33,2020-12-08
9,Silbermann Benjamin,"COB, Pres, CEO, Co-F, 10%",S - Sale+OE,PINS,$69.95,"-315,000","-$22,035,156",0,-100%,2020-12-10 20:33:21,2020-12-08
10,Peterson Justin,CTO,S - Sale+OE,TW,$64.75,"-25,000","-$1,618,725","92,285",-21%,2020-12-10 20:30:12,2020-12-09
11,Olesky Lee,CEO,S - Sale+OE,TW,$64.36,"-308,504","-$19,853,917","577,692",-35%,2020-12-10 20:28:49,2020-12-08
12,Maisey Simon,"MD, Corp. Dev.",S - Sale+OE,TW,$99.04,"-7,500","-$742,764","80,022",-9%,2020-12-10 20:27:19,2020-12-10
13,Farrell Eugene,Chief Product Officer,S - Sale+OE,SMAR,$72.25,"-12,660","-$914,631","39,760",-24%,2020-12-10 20:27:01,2020-12-08
14,Hult William,Pres,S - Sale+OE,TW,$64.34,"-300,000","-$19,302,498","477,375",-39%,2020-12-10 20:26:00,2020-12-08
15,Hames Norman R,"Pres, Western Operations",S - Sale,RDNT,$19.36,"-20,000","-$387,200","427,067",-4%,2020-12-10 20:25:21,2020-12-09
16,Wilson Dow R,"Pres, CEO",S - Sale+OE,VAR,$174.40,"-159,198","-$27,764,720","104,645",-60%,2020-12-10 20:24:21,2020-12-08
17,Bratica Joseph,Principal Financial Officer,S - Sale+OE,SRPT,$160.00,"-1,125","-$180,000","8,140",-12%,2020-12-10 20:23:37,2020-12-08
18,Blazer Randolph C,"Pres, Apex Systems",S - Sale,ASGN,$83.12,"-6,479","-$538,516","86,412",-7%,2020-12-10 20:19:00,2020-12-08
19,Pileggi Jennifer,"SVP, GC, Corp. Secretary",S - Sale+OE,ZUO,$12.37,"-19,539","-$241,756","70,095",-22%,2020-12-10 20:17:52,2020-12-08
20,Jordan Jeffrey D,Dir,S - Sale,PINS,$70.25,"-18,594","-$1,306,229","523,540",-3%,2020-12-10 20:15:32,2020-12-08
21,Pressman Jason,Dir,S - Sale,ZUO,$12.16,"-25,257","-$307,067","62,110",-29%,2020-12-10 20:14:29,2020-12-08
22,Sama Rinda,COO,S - Sale,AXNX,$46.31,"-8,763","-$405,844","95,201",-8%,2020-12-10 20:12:42,2020-12-08
23,Sadana Anshul,"SVP, COO",S - Sale+OE,ANET,$280.36,"-8,916","-$2,499,717","1,576",-85%,2020-12-10 20:09:34,2020-12-08
24,Bcp Gp Ltd,"Dir, 10%",S - Sale,EAF,$9.94,"-902,834","-$8,972,470","156,823,301",-1%,2020-12-10 20:02:52,2020-12-08
25,Bcp Gp Ltd,"Dir, 10%",S - Sale,EAF,$9.94,"-902,834","-$8,972,470","156,823,301",-1%,2020-12-10 20:02:14,2020-12-08
26,Buerba Sebastian,CMO,S - Sale+OE,STMP,$197.24,"-2,346","-$462,727",0,-100%,2020-12-10 20:01:40,2020-12-08
27,Bcp Gp Ltd,"Dir, 10%",S - Sale,EAF,$9.94,"-902,834","-$8,972,470","156,823,301",-1%,2020-12-10 20:01:05,2020-12-08
28,Griffin Anna,CMO,S - Sale+OE,SMAR,$73.26,"-5,000","-$366,300","6,671",-43%,2020-12-10 19:57:06,2020-12-08
29,Arntz Michael,Chief Revenue Officer,S - Sale+OE,SMAR,$69.22,"-15,000","-$1,038,300","8,042",-65%,2020-12-10 19:51:00,2020-12-09
30,Parker Geoffrey M.,"CFO, EVP",P - Purchase,TCDA,$6.78,"+15,000","+$101,700","250,837",+6%,2020-12-10 19:46:37,2020-12-10
31,Mader Mark Patrick,"Pres, CEO",S - Sale,SMAR,$67.02,"-50,000","-$3,350,892","657,767",-7%,2020-12-10 19:43:01,2020-12-09
32,Davis Jeffrey S,"COB, CEO",S - Sale,PRFT,$47.31,"-35,000","-$1,655,770","409,713",-8%,2020-12-10 19:39:28,2020-12-08
33,"Glazer Capital, LLC",10%,S - Sale,TZAC,$10.88,"-367,000","-$3,992,960",0,-100%,2020-12-10 19:36:41,2020-12-08
34,Maheswaran Mohan,"Pres, CEO",S - Sale+OE,SMTC,$70.90,"-20,000","-$1,418,044","139,135",-13%,2020-12-10 19:31:02,2020-12-09
35,"Glazer Capital, LLC",10%,S - Sale,YSACU,$10.36,"-75,000","-$777,250","1,323,780",-5%,2020-12-10 19:28:30,2020-12-08
36,Gagnon Neil,10%,S - Sale,GFN,$100.08,-130,"-$13,010","28,169",0%,2020-12-10 19:28:24,2020-12-09
37,"Glazer Capital, LLC",10%,S - Sale,ACAM,$10.43,"-40,000","-$417,000","4,087,912",-1%,2020-12-10 19:27:37,2020-12-08
38,"Biglari, Sardar","COB, CEO, 10%",P - Purchase,BH,$141.16,"+11,054","+$1,560,405","1,388,364",+1%,2020-12-10 19:26:12,2020-12-08
39,Segal Ned D.,CFO,S - Sale,TWTR,$47.93,"-7,000","-$335,510","634,970",-1%,2020-12-10 19:24:02,2020-12-08
40,Salomon Robert L.,"former EVP, CFO",S - Sale,BZH,$15.34,"-6,000","-$92,052","198,601",-3%,2020-12-10 19:23:39,2020-12-09
41,Regan Timothy,CFO,S - Sale,DBX,$21.00,-970,"-$20,370","325,059",0%,2020-12-10 19:22:43,2020-12-08
42,Wegleitner Mark A,Dir,S - Sale,INFN,$9.00,"-10,000","-$90,000","129,234",-7%,2020-12-10 19:09:37,2020-12-08
43,Walden Nicholas,"SVP, Worldwide Sales",S - Sale,INFN,$9.00,"-18,918","-$170,262","12,411",-60%,2020-12-10 19:09:19,2020-12-08
44,Anzalone Christopher Richard,CEO,S - Sale+OE,ARWR,$68.73,"-55,000","-$3,780,347","2,505,237",-2%,2020-12-10 19:07:52,2020-12-08
45,Blickenstaff Kim D,Dir,S - Sale,TNDM,$94.91,"-15,850","-$1,504,307","769,738",-2%,2020-12-10 19:00:51,2020-12-09
46,Eginton William D,SVP-CORP. DEVELOPMENT,S - Sale+OE,AME,$118.56,"-17,824","-$2,113,159","80,520",-18%,2020-12-10 19:00:41,2020-12-09
47,Venkataraman Swaminathan,"EVP, CTO",S - Sale,BE,$30.62,"-170,000","-$5,205,298","143,446",-54%,2020-12-10 18:57:57,2020-12-08
48,Galindo Alejandro,Chief Commercial Officer,P - Purchase,MNKD,$2.89,"+34,602","+$100,000","398,602",+10%,2020-12-10 18:57:47,2020-12-08
49,Schwab Charles R,COB,S - Sale,SCHW,$49.86,"-98,870","-$4,929,915","121,256,902",0%,2020-12-10 18:52:08,2020-12-10
50,Newstead Jennifer,"VP, GC",S - Sale,FB,$286.23,-310,"-$88,731","2,812",-10%,2020-12-10 18:43:32,2020-12-08
51,Singer Robert S,Dir,P - Purchase,COTY,$6.98,"+4,000","+$27,935","371,482",+1%,2020-12-10 18:43:26,2020-12-08
52,Smith G Stacy,Dir,S - Sale,IBTX,$59.18,"-15,000","-$887,627","83,217",-15%,2020-12-10 18:37:03,2020-12-09
53,Whitmore R Janet,Dir,P - Purchase,NANX,$0.76,"+19,100","+$14,516","2,917,919",+1%,2020-12-10 18:36:58,2020-12-08
54,Schoenfeld Adam,"Chief Strategy Officer, 10%",S - Sale,GNLN,$4.08,"-40,000","-$163,200","64,442,213",0%,2020-12-10 18:34:43,2020-12-09
55,Schreiber Daniel A.,"Co-Founder, CEO, 10%",S - Sale,LMND,$91.84,"-218,750","-$20,089,055","14,983,543",-1%,2020-12-10 18:28:02,2020-12-08
56,Burke Richard T,Dir,S - Sale,UNH,$349.78,"-7,000","-$2,448,444","1,503,987",0%,2020-12-10 18:27:58,2020-12-08
57,Hazlett James R,"VP, Technical Services",S - Sale+OE,NGS,$12.00,"-2,500","-$30,000","88,814",-3%,2020-12-10 18:27:48,2020-12-10
58,Garcia Ernest C. II,10%,S - Sale+OE,CVNA,$259.47,"-50,000","-$12,973,544","80,529,035",0%,2020-12-10 18:26:53,2020-12-08
59,Mott David M,Dir,P - Purchase,ARDX,$5.89,"+170,000","+$1,000,841","417,284",+69%,2020-12-10 18:22:32,2020-12-10
60,Montoni Richard A,Vice COB,S - Sale,MMS,$71.41,"-35,000","-$2,499,428","174,436",-17%,2020-12-10 18:22:30,2020-12-08
61,Sneed Michael E,"EVP, Global Corp Aff, COO",S - Sale+OE,JNJ,$152.93,"-54,662","-$8,359,460","59,956",-48%,2020-12-10 18:19:54,2020-12-09
62,Otto Alexander,"Dir, 10%",S - Sale,SITC,$10.37,"-848,197","-$8,799,801","31,276,018",-3%,2020-12-10 18:19:31,2020-12-08
63,Gehre John,Chief Merchandising Officer,S - Sale,TCS,$11.09,"-7,501","-$83,151","70,304",-10%,2020-12-10 18:19:07,2020-12-10
64,Cross River Partners LP,10%,S - Sale,FRAN,$3.57,"-643,664","-$2,300,105",0,-100%,2020-12-10 18:17:41,2020-12-08
65,Stevens Stacey M,Pres,S - Sale,ICAD,$13.00,"-20,000","-$260,000","151,788",-12%,2020-12-10 18:14:27,2020-12-10
66,Tan Hock E,"Pres, CEO",S - Sale+OE,AVGO,$422.43,"-78,125","-$33,002,552","232,602",-25%,2020-12-10 18:06:09,2020-12-08
67,Wehrle Gaines,"Former Director, 10%",S - Sale,PNRG,$55.34,-46,"-$2,546","232,395",0%,2020-12-10 18:03:58,2020-12-08
68,Shaw David E,10%,S - Sale,SDGR,$66.78,"-285,102","-$19,038,141","9,662,606",-3%,2020-12-10 18:02:38,2020-12-08
69,Harrington John L.,Dir,S - Sale,SVC,$12.49,"-16,200","-$202,319",0,-100%,2020-12-10 17:59:33,2020-12-09
70,Washer Greg,Dir,S - Sale,CPSS,$4.06,"-41,674","-$169,373","209,070",-17%,2020-12-10 17:51:50,2020-12-08
71,Walsh Brendan,"VP, Product Line Marketing",S - Sale,MXL,$32.79,"-7,799","-$255,718","171,782",-4%,2020-12-10 17:50:34,2020-12-08
72,Cardwell John Garrett,Dir,P - Purchase,BH,$119.42,+100,"+$11,942",300,+50%,2020-12-10 17:50:27,2020-12-08
73,Hrusovsky E Kevin,"COB, Pres, CEO",S - Sale,QTRX,$46.98,"-2,000","-$93,960","1,019,298",0%,2020-12-10 17:48:45,2020-12-08
74,Keren Nir,CTO,S - Sale+OE,ZI,$42.44,"-280,574","-$11,908,065",0,-100%,2020-12-10 17:47:35,2020-12-08
75,Olrich Scott V.,COO,S - Sale,DOCU,$225.79,"-5,800","-$1,309,591","249,154",-2%,2020-12-10 17:42:29,2020-12-09
76,Wlodarczyk Francis,SVP,S - Sale+OE,ROK,$249.90,-167,"-$41,733","8,163",-2%,2020-12-10 17:42:22,2020-12-09
77,Nicolas Ernest,"SVP,Chief Supply Chain Officer",S - Sale+OE,ROK,$250.05,-124,"-$31,006","5,849",-2%,2020-12-10 17:42:15,2020-12-09
78,Riesterer Terry L.,"VP, Controller",S - Sale+OE,ROK,$249.86,-121,"-$30,233","1,513",-7%,2020-12-10 17:42:09,2020-12-09
79,Moore H Lynn Jr,"Pres, CEO",S - Sale+OE,TYL,$447.10,"-10,000","-$4,471,000","64,262",-13%,2020-12-10 17:39:48,2020-12-09
80,Corey William S. Jr.,Dir,P - Purchase,GVP,$1.14,"+25,000","+$28,500","50,316",+99%,2020-12-10 17:39:35,2020-12-09
81,Roush John A,Dir,S - Sale,LMAT,$36.42,"-20,000","-$728,308","7,500",-73%,2020-12-10 17:39:15,2020-12-08
82,Dobmeier Eric,"Pres, CEO",P - Purchase,KDNY,$13.16,"+4,000","+$52,633","56,837",+8%,2020-12-10 17:38:44,2020-12-08
83,Kemper J Mariner,"COB, CEO",S - Sale+OE,UMBF,$69.50,-700,"-$48,650","2,961,061",0%,2020-12-10 17:38:17,2020-12-09
84,Privet Fund Management LLC,"See Explanation of Responses, 10%",P - Purchase,SYNL,$6.39,"+15,700","+$100,311","1,591,718",+1%,2020-12-10 17:34:54,2020-12-08
85,Korus Paul,Dir,P - Purchase,PDCE,$18.63,"+2,500","+$46,575","17,036",+17%,2020-12-10 17:31:33,2020-12-09
86,Tadlock Stephen,"VP, CFO, Treasurer",S - Sale,WHD,$27.27,"-14,000","-$381,780","44,193",-24%,2020-12-10 17:31:06,2020-12-09
87,Rudnick Seth,Dir,S - Sale,GTHX,$20.22,"-19,480","-$393,899","38,282",-34%,2020-12-10 17:30:02,2020-12-08
88,Miller Brian K,"EVP, CFO",S - Sale+OE,TYL,$445.01,"-6,417","-$2,855,630","47,836",-12%,2020-12-10 17:29:04,2020-12-08
89,Nardecchia Christopher,"SVP, CIO",S - Sale+OE,ROK,$249.61,-404,"-$100,843","8,067",-5%,2020-12-10 17:28:24,2020-12-09
90,Frank Thomas Aj,CIO,S - Sale,IBKR,$54.57,"-35,702","-$1,948,095","1,729,916",-2%,2020-12-10 17:28:17,2020-12-08
91,Moret Blake D.,"Pres, CEO",S - Sale+OE,ROK,$249.98,"-5,285","-$1,321,153","49,051",-10%,2020-12-10 17:28:15,2020-12-09
92,Murphy Robert B,SVP,S - Sale+OE,ROK,$249.82,-415,"-$103,675","3,388",-11%,2020-12-10 17:28:08,2020-12-09
93,Brody Paul Jonathan,CFO,S - Sale,IBKR,$54.56,"-4,974","-$271,394","846,129",-1%,2020-12-10 17:26:15,2020-12-08
94,Lucchino David L.,"Pres, CEO",S - Sale+OE,FREQ,$32.93,"-13,514","-$444,984","323,800",-4%,2020-12-10 17:25:49,2020-12-09
95,Pujades David,COO,S - Sale+OE,RVLV,$24.98,"-83,797","-$2,093,249",0,-100%,2020-12-10 17:22:51,2020-12-08
96,"Awm Investment Company, Inc.",10%,S - Sale,GNSS,$6.94,"-58,403","-$405,422","4,349,544",-1%,2020-12-10 17:21:16,2020-12-08
97,Knighted Pastures LLC,10%,P - Purchase,AESE,$1.14,"+552,862","+$630,955","3,945,720",+16%,2020-12-10 17:19:00,2020-12-08
98,First Mark L,Dir,S - Sale,ADUS,$100.75,"-513,864","-$51,771,798","21,297",-96%,2020-12-10 17:16:03,2020-12-08
99,Kiani Joe E,"CEO, COB",S - Sale+OE,MASI,$270.67,"-57,336","-$15,519,270","3,920,109",-1%,2020-12-10 17:15:37,2020-12-08
100,Rondeau Christopher,CEO,S - Sale+OE,PLNT,$75.47,"-42,929","-$3,239,762",0,-100%,2020-12-10 17:15:35,2020-12-08
101,Paisley Christopher B,Dir,S - Sale+OE,AMBA,$90.03,"-2,000","-$180,068","26,676",-7%,2020-12-10 17:15:02,2020-12-08
102,Day Christopher,"VP, Marketing",S - Sale+OE,AMBA,$90.53,"-1,300","-$117,688","9,353",-12%,2020-12-10 17:14:51,2020-12-08
103,House Rebecca W,"SVP, Chief Admin, Legal, Sec",S - Sale+OE,ROK,$249.93,-698,"-$174,448","6,200",-10%,2020-12-10 17:14:28,2020-12-09
104,Genovesi John A,SVP,S - Sale+OE,ROK,$249.74,-188,"-$46,951","4,595",-4%,2020-12-10 17:14:22,2020-12-09
105,Miller John M,"VP, Chief IP Counsel",S - Sale+OE,ROK,$249.93,-133,"-$33,241","4,490",-3%,2020-12-10 17:14:16,2020-12-09
106,Kulaszewicz Frank C,SVP,S - Sale+OE,ROK,$250.00,"-1,533","-$383,251","19,945",-7%,2020-12-10 17:14:09,2020-12-09
107,Dossett Jeffrey,Chief Revenue Officer,S - Sale+OE,PI,$42.36,"-2,500","-$105,900","22,263",-10%,2020-12-10 17:10:03,2020-12-08
108,Sampson Richard A,Dir,P - Purchase,ATO,$97.41,+500,"+$48,705","7,076",+8%,2020-12-10 17:09:12,2020-12-10
109,Donato Thomas,SVP,S - Sale+OE,ROK,$249.66,-345,"-$86,132","1,385",-20%,2020-12-10 17:07:24,2020-12-09
110,Etzel Steven W.,"SVP, CFO",S - Sale+OE,ROK,$249.81,-178,"-$44,466","9,692",-2%,2020-12-10 17:07:18,2020-12-09
111,Galindo Alejandro,Chief Commercial Officer,P - Purchase,MNKD,$2.89,"+34,602","+$100,000","398,602",+10%,2020-12-10 17:07:11,2018-11-14
112,Fooks Elik I,SVP,S - Sale+OE,ROK,$250.02,-504,"-$126,010","7,530",-6%,2020-12-10 17:07:07,2020-12-09
113,Henry Alyssa,Seller Lead,S - Sale+OE,SQ,$211.06,"-10,000","-$2,110,570","413,665",-2%,2020-12-10 17:07:06,2020-12-08
114,Alexander Esteban,"COO, 10%",S - Sale,AMIH,$0.00,"-7,000,000","-$1,400","2,000,000",-78%,2020-12-10 17:06:58,2020-10-02
115,Malik Fady Ibraham,"EVP Research, Development",S - Sale,CYTK,$20.13,"-1,052","-$21,177","150,441",-1%,2020-12-10 17:06:26,2020-12-10
116,Klinges Vincent C,CFO,S - Sale+OE,AMSWA,$16.40,"-9,412","-$154,357","96,838",-9%,2020-12-10 17:05:45,2020-12-09
117,Orbimed Advisors LLC,10%,S - Sale+OE,ARPO,$1.96,"-21,400","-$41,944","5,193,946",0%,2020-12-10 17:04:43,2020-12-08
118,Bluedorn Todd M,"COB, CEO",S - Sale,LII,$280.15,"-4,705","-$1,318,106","77,474",-6%,2020-12-10 17:03:29,2020-12-09
119,Marmurek Eric S,"SVP, CAO",S - Sale,RBBN,$7.19,"-8,304","-$59,709","33,534",-20%,2020-12-10 17:03:16,2020-12-08
120,Salzman Gerald L,CEO,S - Sale,DJCO,$280.85,"-1,200","-$337,016","10,086",-11%,2020-12-10 17:00:57,2020-12-09
121,Eli Lilly & Co,10%,P - Purchase,SGTX,$18.00,"+300,000","+$5,400,000","2,744,443",+12%,2020-12-10 17:00:52,2020-12-08
122,Marr John S Jr,Exec COB,S - Sale,TYL,$445.30,"-30,747","-$13,691,744","152,903",-17%,2020-12-10 17:00:16,2020-12-09
123,Chand Sujeet,"SVP, Chief Tech. Officer",S - Sale+OE,ROK,$250.03,-966,"-$241,531","35,679",-3%,2020-12-10 17:00:09,2020-12-09
124,Virgin Herbert,"EVP, Research, CSO",S - Sale+OE,VIR,$31.27,"-3,805","-$118,966","23,700",-14%,2020-12-10 17:00:07,2020-12-08
125,Gerlach John B Jr,Exec COB,S - Sale,LANC,$168.50,"-4,872","-$820,932",0,-100%,2020-12-10 16:59:37,2020-12-07
126,Rodriguez Tony,"EVP, CTO",S - Sale,DMRC,$52.91,"-2,680","-$141,799","32,053",-8%,2020-12-10 16:58:30,2020-12-08
127,Awad George M,Dir,S - Sale,TRU,$97.50,"-5,000","-$487,500","5,779",-46%,2020-12-10 16:58:09,2020-12-08
128,Reitmeier Joseph William,"EVP, CFO",S - Sale,LII,$280.15,-987,"-$276,508","15,835",-6%,2020-12-10 16:56:31,2020-12-09
129,Black David S,"SVP, CFO",S - Sale,BWXT,$60.21,"-1,000","-$60,210","73,444",-1%,2020-12-10 16:56:29,2020-12-10
130,Baruch Richard F Jr,See remarks,S - Sale+OE,ELF,$23.02,"-2,900","-$66,769","179,611",-2%,2020-12-10 16:55:55,2020-12-08
131,Ultragenyx Pharmaceutical Inc.,"Dir, 10%",S - Sale,ARCT,$100.81,"-800,000","-$80,650,635","2,200,000",-27%,2020-12-10 16:55:35,2020-12-08
132,McFarlane Scott M,See Remarks,S - Sale,AVLR,$169.93,"-10,000","-$1,699,341","697,098",-1%,2020-12-10 16:53:57,2020-12-08
133,Bedard Gary S,"EVP, Pres, COO, WWR",S - Sale,LII,$280.15,-752,"-$210,673","17,268",-4%,2020-12-10 16:53:23,2020-12-09
134,Edick Paul R,See Remarks,P - Purchase,XERS,$4.06,"+10,000","+$40,551","424,564",+2%,2020-12-10 16:52:44,2020-12-09
135,Desch Matthew J,CEO,S - Sale+OE,IRDM,$34.90,"-65,133","-$2,273,142","728,453",-8%,2020-12-10 16:49:39,2020-12-09
136,Rawlings Darryl,"Pres, CEO",S - Sale,TRUP,$99.52,"-4,000","-$398,099","902,222",0%,2020-12-10 16:47:49,2020-12-07
137,Wainwright Julie,CEO,S - Sale,REAL,$14.96,"-135,000","-$2,019,600","3,740,524",-3%,2020-12-10 16:45:58,2020-12-08
138,Perelman Ronald O,10%,P - Purchase,VTVT,$1.60,"+625,000","+$1,000,000","35,981,212",+2%,2020-12-10 16:45:32,2020-12-10
139,Killingstad Chris,"Pres, CEO",S - Sale+OE,TNC,$70.00,"-3,297","-$230,790","153,236",-2%,2020-12-10 16:41:02,2020-12-08
140,Roth Ambra R.,"SVP, GC, HR, Secretary",S - Sale,MTSI,$50.00,"-1,300","-$65,000","40,949",-3%,2020-12-10 16:40:29,2020-12-08
141,Chuslo Steven,"GC, EVP",S - Sale+OE,HASI,$55.45,"-40,000","-$2,218,000","245,065",-14%,2020-12-10 16:39:56,2020-12-08
142,"Vector Capital, L.L.C.","Dir, 10%",S - Sale,CMBM,$26.60,"-2,500,000","-$66,500,000","16,704,754",-13%,2020-12-10 16:38:40,2020-12-08
143,Taneja Hemant,Dir,S - Sale,TDOC,$197.39,"-4,900","-$967,207","8,150,200",0%,2020-12-10 16:37:40,2020-12-08
144,Amen Robert S,"Dir, 10%",S - Sale,CMBM,$26.60,"-2,500,000","-$66,500,000","16,704,754",-13%,2020-12-10 16:36:30,2020-12-08
145,Slusky Alexander R,"Dir, 10%",S - Sale,CMBM,$26.60,"-2,500,000","-$66,500,000","16,704,754",-13%,2020-12-10 16:34:27,2020-12-08
146,Glazer Walter P. Jr.,Dir,P - Purchase,ESCA,$18.59,"+20,884","+$388,143","281,832",+8%,2020-12-10 16:33:39,2020-12-08
147,Barnett F William,Dir,S - Sale+OE,EXP,$97.69,"-20,234","-$1,976,659","30,876",-40%,2020-12-10 16:33:35,2020-12-08
148,Wassersug Mark,COO,S - Sale,ICE,$109.51,"-2,239","-$245,202","18,216",-11%,2020-12-10 16:31:47,2020-12-08
149,Sykes Ollin B,Dir,P - Purchase,CTHR,$1.20,"+10,000","+$12,000","1,877,904",+1%,2020-12-10 16:31:33,2020-12-08
150,Cheng Jian,Controller,S - Sale+OE,EXPI,$58.95,"-6,250","-$368,443",0,-100%,2020-12-10 16:30:19,2020-12-09
151,Sanford Penny,10%,S - Sale,EXPI,$60.33,"-20,000","-$1,206,674","14,805,820",0%,2020-12-10 16:30:12,2020-12-08
152,Sanford Glenn Darrel,"CEO, COB, 10%",S - Sale,EXPI,$59.43,"-10,000","-$594,277","20,599,014",0%,2020-12-10 16:30:07,2020-12-08
153,Ellis Menno,"EVP, Healthcare Solutions",S - Sale,DDD,$10.44,"-10,479","-$109,401","104,136",-9%,2020-12-10 16:29:42,2020-12-04
154,Wassmer Michael J,"Pres, U.S. Card",S - Sale,COF,$95.00,"-1,965","-$186,675","94,947",-2%,2020-12-10 16:28:44,2020-12-09
155,Foote Marion R,Dir,S - Sale,AVLR,$171.88,"-35,000","-$6,015,949","467,596",-7%,2020-12-10 16:28:35,2020-12-08
156,Thaler Bjorn B,CFO,S - Sale+OE,ONEM,$37.32,"-20,200","-$753,886","1,785",-92%,2020-12-10 16:26:19,2020-12-08
157,Rudow Lee D.,"Pres, CEO",S - Sale+OE,TRNS,$35.00,"-2,000","-$70,000","171,587",-1%,2020-12-10 16:25:59,2020-12-08
158,Areglado R. Scott,CFO,S - Sale+OE,ICAD,$12.00,"-15,000","-$180,000","36,911",-29%,2020-12-10 16:25:24,2020-12-08
159,Berge Terence M,VP-Corporate Controller,S - Sale+OE,CNMD,$100.75,"-10,308","-$1,038,515","1,004",-91%,2020-12-10 16:25:01,2020-12-09
160,Asher Daniel,10%,P - Purchase,NHLD,$2.63,"+136,854","+$360,406","3,007,762",+5%,2020-12-10 16:23:56,2020-12-08
161,Moyer James C,Dir,S - Sale,MPWR,$320.70,"-15,000","-$4,810,467","320,131",-4%,2020-12-10 16:23:35,2020-12-08
162,Nagler Lorna,Dir,S - Sale+OE,ULTA,$271.67,"-5,000","-$1,358,350","6,963",-42%,2020-12-10 16:22:45,2020-12-09
163,Singer Robert S,Dir,P - Purchase,KDP,$30.30,"+2,500","+$75,748","75,500",+3%,2020-12-10 16:22:11,2020-12-08
164,Williams R Neil,Dir,S - Sale+OE,RNG,$344.45,"-4,776","-$1,645,091","13,078",-27%,2020-12-10 16:22:07,2020-12-08
165,Hill George,"EVP, Store Operations",S - Sale,FIVE,$161.80,"-5,000","-$809,000","17,148",-23%,2020-12-10 16:21:47,2020-12-08
166,Shaner William James,"SVP, GM, AMH",S - Sale,ENTG,$99.18,"-3,100","-$307,458","25,199",-11%,2020-12-10 16:20:44,2020-12-08
167,Buchenroth Patrick,"ExecVP, Pres ACCO Brands Intl",S - Sale,ACCO,$8.46,"-10,000","-$84,627","106,922",-9%,2020-12-10 16:20:12,2020-12-09
168,Chukwu Emeka,"EVP, CFO",S - Sale+OE,SMTC,$70.86,"-3,000","-$212,582","99,005",-3%,2020-12-10 16:19:51,2020-12-09
169,Sutton Joseph W.,Dir,S - Sale,AMRC,$44.51,"-75,326","-$3,353,095","528,355",-12%,2020-12-10 16:19:46,2020-12-08
170,Caro Jodi J,"GC, Corporate Secretary",S - Sale+OE,ULTA,$273.45,"-4,371","-$1,195,239","6,035",-42%,2020-12-10 16:19:45,2020-12-08
171,Wisneski Francis V Jr,Dir,S - Sale+OE,AMRC,$42.56,"-15,000","-$638,418","58,676",-20%,2020-12-10 16:19:26,2020-12-08
172,Friedrich Matthew W.,GC,S - Sale,CTSH,$80.20,"-1,077","-$86,372","5,043",-18%,2020-12-10 16:19:13,2020-12-08
173,Sakellaris George P,"Pres, CEO, 10%",S - Sale,AMRC,$45.00,"-1,607","-$72,320","3,298,753",0%,2020-12-10 16:19:10,2020-12-08
174,Corrsin David J,"EVP, GC",S - Sale,AMRC,$44.36,"-77,187","-$3,424,136","244,596",-24%,2020-12-10 16:18:54,2020-12-08
175,Shmunis Vladimir,"CEO, COB",S - Sale+OE,RNG,$346.43,"-15,000","-$5,196,514","159,242",-9%,2020-12-10 16:18:52,2020-12-08
176,Wolin Benjamin,"Pres, CEO",S - Sale,CVET,$28.80,"-5,556","-$160,036","60,198",-8%,2020-12-10 16:17:35,2020-12-08
177,Leggett Thomas,CFO,S - Sale+OE,BDTX,$33.78,"-3,000","-$101,327",0,-100%,2020-12-10 16:16:59,2020-12-08
178,Nimocks Suzanne P,Dir,S - Sale,VAL,$0.07,-825,-$58,"20,457",-4%,2020-12-10 16:16:39,2020-12-09
179,Bernard A Patrick,EVP,S - Sale,SPNX,$0.07,"-12,195",-$866,546,-96%,2020-12-10 16:16:26,2020-12-08
180,Miller P. Michael,"Dir, 10%",S - Sale,VRA,$8.51,"-2,329","-$19,820","5,286,136",0%,2020-12-10 16:15:54,2020-12-08
181,"Invus Public Equities, L.P.",10%,P - Purchase,SEER,$19.00,"+790,000","+$15,010,000","5,840,911",+16%,2020-12-10 16:15:50,2020-12-08
182,Amoon 2 Fund Limited Partnership,10%,P - Purchase,SEER,$19.00,"+889,473","+$16,899,987","5,923,196",+18%,2020-12-10 16:15:29,2020-12-08
183,Miller Patricia R.,10%,S - Sale,VRA,$8.51,"-2,329","-$19,820","5,286,136",0%,2020-12-10 16:15:19,2020-12-08
184,Heistand James R,Dir,P - Purchase,COLD,$33.50,"+10,000","+$335,000","57,114",+21%,2020-12-10 16:14:54,2020-12-09
185,Winkler Michael L,"EVP, COO",S - Sale,SLCA,$6.55,"-6,000","-$39,300","274,755",-2%,2020-12-10 16:14:53,2020-12-10
186,Keller Christina,Dir,P - Purchase,IBCP,$18.10,+830,"+$15,021","11,386",+8%,2020-12-10 16:14:33,2020-12-10
187,Carusona Zach,Pres Specialty Minerals,S - Sale,SLCA,$6.73,"-3,000","-$20,190","71,140",-4%,2020-12-10 16:13:13,2020-12-10
188,Ingle Sharp Laura,Dir,S - Sale,IMKTA,$42.27,"-2,500","-$105,673","30,686",-8%,2020-12-10 16:12:42,2020-12-09
189,Puech Olivier,"EVP, Pres, LatAm, EMEA",S - Sale,AMT,$223.49,-28,"-$6,258","17,585",0%,2020-12-10 16:12:35,2020-12-08
190,Manko Joseph M. Jr.,"Dir, 10%",P - Purchase,KRMD,$5.43,"+10,000","+$54,291","11,853,458",0%,2020-12-10 16:11:03,2020-12-08
191,Wood Todd Michael,Chief Commercial Officer,S - Sale,DMTK,$11.86,-428,"-$5,076","165,199",0%,2020-12-10 16:10:47,2020-12-08
192,Masters William B,"EVP, GC",S - Sale,SPNX,$0.08,"-22,118","-$1,679","2,389",-90%,2020-12-10 16:10:41,2020-12-08
193,Zidar Thomas P,EVP,P - Purchase,WTFC,$59.91,"+4,441","+$266,060","40,628",+12%,2020-12-10 16:10:18,2020-12-09
194,Crane Timothy,Pres,S - Sale+OE,WTFC,$59.32,"-6,968","-$413,342","22,248",-24%,2020-12-10 16:10:00,2020-12-10
195,Okey Stephanie,Dir,S - Sale,PTCT,$62.52,-687,"-$42,954",963,-42%,2020-12-10 16:09:49,2020-12-08
196,Pyatt Shelby L,"VP, HR, IT",S - Sale+OE,RYN,$0.00,"-1,086",-$0,"38,579",-3%,2020-12-10 16:08:34,2020-12-09
197,Ibarra Claudia,COO,S - Sale,DMTK,$11.86,"-2,421","-$28,713","115,246",-2%,2020-12-10 16:08:20,2020-12-08
198,Grisko Jerome P,"CEO, Pres",S - Sale+OE,CBZ,$25.14,"-47,139","-$1,185,221","674,618",-7%,2020-12-10 16:08:04,2020-12-08
199,McHugh Mark,"SVP, CFO",S - Sale,RYN,$30.05,"-2,000","-$60,100","72,769",-3%,2020-12-10 16:07:03,2020-12-09
200,Dobak John,CEO,S - Sale,DMTK,$11.86,-786,"-$9,322","541,683",0%,2020-12-10 16:06:59,2020-12-08
201,Thakar Sumedh S,"Pres, Chief Product Officer",S - Sale,QLYS,$92.67,"-3,140","-$290,974","224,524",-1%,2020-12-10 16:06:04,2020-12-09
202,"Anchorage Capital Group, L.L.C.",10%,S - Sale,HMHC,$3.22,"-19,465,570","-$62,679,135",0,-100%,2020-12-10 16:05:27,2020-12-08
203,Funk James M,Dir,S - Sale,SPNX,$0.07,"-12,362",-$823,"11,372",-52%,2020-12-10 16:04:50,2020-12-08
204,Ceresino Gordon J,Vice COB,S - Sale,FHI,$29.60,"-25,000","-$740,093","265,495",-9%,2020-12-10 16:02:53,2020-12-09
205,Calkins Matthew W,"CEO, Pres, 10%",S - Sale+OE,APPN,$154.20,"-250,000","-$38,549,179",0,-100%,2020-12-10 16:02:14,2020-12-08
206,Tocio Mary Ann,Dir,S - Sale,BFAM,$165.78,"-3,000","-$497,340","63,259",-5%,2020-12-10 16:01:48,2020-12-10
207,Barra Melissa,"SVP, Chief Sales Svcs, Strat",S - Sale,SNBR,$81.00,"-4,218","-$341,658","40,072",-10%,2020-12-10 16:01:30,2020-12-09
208,Koch C James,"COB, 10%",S - Sale,SAM,$936.38,"-10,000","-$9,363,757","243,972",-4%,2020-12-10 16:01:12,2020-12-09
209,White Gary G,Dir,P - Purchase,UBSI,$30.48,+328,"+$9,997","30,896",+1%,2020-12-10 16:00:37,2020-12-10
210,Gubin Moishe,Dir,S - Sale,OPHC,$3.00,"-60,000","-$180,000","226,575",-21%,2020-12-10 16:00:05,2020-12-01
211,Longoria Janiece M,Dir,S - Sale,SPNX,$0.07,-400,-$27,618,-39%,2020-12-10 16:00:03,2020-12-10
212,Keene Harold L,"Dir, 10%",P - Purchase,NWPP,$1.93,"+3,406","+$6,575","4,445,782",0%,2020-12-10 15:35:30,2020-11-30
213,Ferguson Lewis H,Dir,S - Sale,CCOI,$57.01,-950,"-$54,156","9,450",-9%,2020-12-10 15:34:14,2020-12-09
214,Daly Joseph Patrick,Dir,P - Purchase,ISNS,$4.34,"+6,064","+$26,294","75,622",+9%,2020-12-10 15:23:51,2020-12-08
215,Romeo Thomas D.,Group GM,S - Sale,MMS,$72.44,"-5,529","-$400,507","10,705",-34%,2020-12-10 15:23:36,2020-12-09
216,Prieur Marc,Segment Pres,S - Sale+OE,ATR,$129.03,"-4,026","-$519,481","9,901",-29%,2020-12-10 15:20:36,2020-12-09
217,Friedman Howard E,Dir,P - Purchase,SBGI,$17.47,"+1,695","+$29,603","25,285",+7%,2020-12-10 15:15:33,2020-03-12
218,Friedman Howard E,Dir,S - Sale,SBGI,$20.25,"-4,000","-$80,997","25,285",-14%,2020-12-10 15:15:33,2020-09-24
219,Cordeiro Eduardo E,Dir,S - Sale,FMC,$118.87,"-5,625","-$668,614","19,734",-22%,2020-12-10 15:14:11,2020-12-08
220,Guthart Gary S,"Pres, CEO",S - Sale+OE,ISRG,$760.60,"-16,914","-$12,864,811","384,154",-4%,2020-12-10 15:13:37,2020-12-08
221,Visser Chris K.,"GC, Sec.",S - Sale+OE,ZUMZ,$37.50,"-17,222","-$645,825","30,320",-36%,2020-12-10 15:10:15,2020-12-09
222,Dowling Michael D,"EVP, CFO",S - Sale,SFST,$35.03,"-3,000","-$105,100","42,150",-7%,2020-12-10 14:56:47,2020-12-09
223,Williams Jeffrey M,"VP, Pres G Prod Bldg Tech Sol",S - Sale,JCI,$45.63,"-25,128","-$1,146,576","73,973",-25%,2020-12-10 14:55:05,2020-12-08
224,McCarthy Kathryn,Dir,S - Sale+OE,SEIC,$56.35,"-9,500","-$535,325","152,900",-6%,2020-12-10 14:52:35,2020-12-09
225,Stief Brian J,Vice COB,S - Sale+OE,JCI,$45.69,"-36,618","-$1,673,077","18,103",-67%,2020-12-10 14:52:30,2020-12-08
226,Narula Ravi,CFO,S - Sale,OOMA,$17.03,-767,"-$13,065","234,662",0%,2020-12-10 14:50:08,2020-12-09
227,Carre Eric,"EVP, Global Business Lines",S - Sale+OE,HAL,$19.92,"-49,664","-$989,058","178,856",-22%,2020-12-10 14:40:21,2020-12-09
228,Meegan John P,Dir,S - Sale+OE,NWBI,$12.56,"-6,000","-$75,331","82,050",-7%,2020-12-10 14:06:23,2020-12-09
229,Wherfel Glen,Dir,P - Purchase,BFIN,$8.70,"+25,000","+$217,390","104,958",+31%,2020-12-10 14:01:53,2020-12-09
230,Garland Kim Burton,SVP,P - Purchase,STFC,$16.90,"+20,000","+$337,920","164,811",+14%,2020-12-10 13:49:46,2020-12-09
231,"Lexington Co-Investment Holdings Iii, L.P.",See Remarks,S - Sale,SWI,$21.97,"-144,534","-$3,175,412","2,479,734",-6%,2020-12-10 13:36:11,2020-12-08
232,Mochulsky Richard K,"VP, Sales, Marketing",S - Sale,MPAA,$24.56,"-1,000","-$24,564","6,759",-13%,2020-12-10 13:28:32,2020-12-08
233,Schauerman John P.,Dir,P - Purchase,SYNL,$6.50,"+16,600","+$107,900","36,600",+83%,2020-12-10 13:26:21,2020-12-10
234,Cormack Heidi,"SVP, Marketing",S - Sale+OE,NTGR,$34.99,"-2,170","-$75,928","37,931",-5%,2020-12-10 13:17:56,2020-12-08
235,Biederman Kenneth R,Dir,S - Sale+OE,ARTNA,$38.78,"-3,375","-$130,892","20,875",-14%,2020-12-10 13:14:53,2020-12-09
236,Douglass Stephen,"VP Corp, R, D",S - Sale,LSCC,$43.67,"-2,036","-$88,911","63,274",-3%,2020-12-10 13:07:00,2020-12-08
237,Shoup Scot A,SVP Operations,P - Purchase,MMLP,$1.84,+622,"+$1,145","21,609",+3%,2020-12-10 12:58:55,2020-12-10
238,Martin Ruben S,"Pres, CEO, 10%",P - Purchase,MMLP,$1.84,"+1,536","+$2,827","6,573,317",0%,2020-12-10 12:58:40,2020-12-10
239,Bondurant Robert D,"EVP, CFO",P - Purchase,MMLP,$1.84,"+1,003","+$1,846","111,187",+1%,2020-12-10 12:58:23,2020-12-10
240,Wisnewski Nancy,COO,S - Sale,HSKA,$140.38,-500,"-$70,191","45,874",-1%,2020-12-10 12:57:45,2020-12-09
241,Kalvoda Mark P.,CFO,S - Sale,TITN,$19.82,"-12,000","-$237,840","174,801",-6%,2020-12-10 12:36:35,2020-12-09
242,George Gary Charles,Dir,S - Sale,JBHT,$139.69,"-8,906","-$1,244,102","1,032,057",-1%,2020-12-10 12:35:07,2020-12-08
243,Nance Henry,CEO,P - Purchase,BOXL,$1.67,+569,+$950,"122,741",0%,2020-12-10 12:03:27,2020-12-09
244,Kovaleski Charles J,Dir,P - Purchase,ORI,$18.71,+250,"+$4,678","9,989",+3%,2020-12-10 11:33:45,2020-12-09
245,Mote Steven R.,Dir,P - Purchase,PTRS,$6.43,"+10,000","+$64,300","27,010",+59%,2020-12-10 11:24:45,2020-12-09
246,Shaw Thomas J,"Pres, CEO, 10%",P - Purchase,RVP,$9.99,+400,"+$3,996","15,914,426",0%,2020-12-10 11:10:09,2020-12-09
247,Budorick Stephen E,"Pres, CEO",P - Purchase,OFC,$25.48,+314,"+$8,001","147,834",0%,2020-12-10 10:47:56,2020-12-09
248,Ramlo Randy A.,"Pres, CEO",S - Sale+OE,UFCS,$23.72,"-15,749","-$373,566","69,870",-18%,2020-12-10 10:25:01,2020-12-08
249,Clark Robert W,SVP,S - Sale+OE,KR,$31.10,"-32,500","-$1,010,750","160,981",-17%,2020-12-10 10:13:43,2020-12-09
250,Tan Farid,"Pres, CFO",S - Sale,MCBS,$14.39,"-15,300","-$220,152","828,602",-2%,2020-12-10 10:07:02,2020-12-08
251,Pope Michael Ross,CEO,P - Purchase,BOXL,$1.65,"+40,000","+$66,000","287,942",+16%,2020-12-10 10:02:27,2020-12-09
252,Hinkle Gary L,Dir,P - Purchase,SMMF,$21.99,"+1,413","+$31,070","500,089",0%,2020-12-10 09:38:11,2020-12-07
253,Wade Brooke N.,Dir,P - Purchase,GTE,$0.39,"+200,000","+$78,000","2,133,600",+10%,2020-12-10 09:31:23,2020-12-09
254,Anderson Robert Brent,Dir,S - Sale,ALTA,$27.50,"-8,789","-$241,698","23,624",-27%,2020-12-10 09:24:59,2020-11-24
255,Nelson Todd S,"Pres, CEO",S - Sale,PRDO,$12.33,"-17,439","-$214,968","963,890",-2%,2020-12-10 09:20:16,2020-12-08
256,Chase Peter R,Exec COB,S - Sale,CCF,$116.46,"-1,000","-$116,460","903,069",0%,2020-12-10 09:14:14,2020-12-09
257,Rimer Barbara K,Dir,S - Sale,AFL,$45.33,-100,"-$4,533","29,414",0%,2020-12-10 09:06:57,2020-12-08
258,Taylor Andrew Lawrence,CFO,P - Purchase,MOTS,$1.08,"+1,000","+$1,080","73,682",+1%,2020-12-10 09:02:13,2020-12-09
259,Pomeranz Mark,"Pres, COO",P - Purchase,MOTS,$1.08,"+1,000","+$1,080","95,857",+1%,2020-12-10 09:01:53,2020-12-09
260,Deutsch James F.,Dir,S - Sale,EFSC,$35.05,"-38,957","-$1,365,443","722,252",-5%,2020-12-10 08:50:44,2020-12-08
