,Insider_Name,Insider_Title,Buy_or_Sell,Ticker,Price,Quantity,Value,Number_Owned,Change_in_Number_Owned,Filing_Date,Trade_Date
0,Leight Nathan,"Dir, 10%",P - Purchase,TRTL,$9.99,"+3,000","+$29,971","3,876,878",0%,2016-12-08 21:55:01,2016-12-06
1,Wallace Richard P,"Pres, CEO",S - Sale,KLAC,$79.17,"-35,000","-$2,771,020","301,931",-10%,2016-12-08 21:31:57,2016-12-08
2,O'Malley Brian T,CEO,S - Sale+OE,BBRG,$3.76,"-64,100","-$241,234","145,377",-31%,2016-12-08 21:25:26,2016-12-06
3,Barudin Guy,"CFO, COO",P - Purchase,TRTL,$10.02,+900,"+$9,014","79,024",+1%,2016-12-08 21:16:46,2016-12-06
4,Jennings Edmon R,Dir,S - Sale,VSAR,$12.96,"-1,500","-$19,433","7,700",-16%,2016-12-08 21:10:35,2016-12-08
5,McTaggart Frederick W.,"Pres, CEO",S - Sale+OE,CWCO,$11.35,"-2,537","-$28,795","121,963",-2%,2016-12-08 20:35:34,2016-12-06
6,Kuo John W,"SVP, GC, Secretary",S - Sale,VAR,$90.33,"-1,267","-$114,451","24,027",-5%,2016-12-08 20:32:07,2016-12-08
7,Gendell Jeffrey L Et Al,Dir,S - Sale,PATK,$73.40,"-33,657","-$2,470,348","968,324",-3%,2016-12-08 20:17:07,2016-12-06
8,Cole G Bradley,COO,S - Sale+OE,GHDX,$30.61,"-5,000","-$153,030","35,882",-12%,2016-12-08 20:12:20,2016-12-06
9,Kaiden Robert,Chief Accounting Officer,S - Sale,TWTR,$18.29,"-3,512","-$64,252","154,575",-2%,2016-12-08 20:06:01,2016-12-06
10,Himes Vaughn B,Chief Technical Officer,S - Sale+OE,SGEN,$65.32,"-30,000","-$1,959,744","135,379",-18%,2016-12-08 20:05:43,2016-12-07
11,Pavlik Greg,Chief Product Officer,S - Sale,HDP,$8.38,"-17,045","-$142,837","477,400",-3%,2016-12-08 20:05:09,2016-12-06
12,Van Hoose Mary,Chief Talent Officer,S - Sale+OE,ABCO,$31.98,"-2,000","-$63,960","35,386",-5%,2016-12-08 20:04:30,2016-12-06
13,Siegall Clay B,"Pres, CEO",S - Sale+OE,SGEN,$66.17,"-14,465","-$957,145","638,835",-2%,2016-12-08 20:03:15,2016-12-06
14,Rawlings Darryl,"Pres, CEO",S - Sale,TRUP,$15.73,"-3,500","-$55,070","1,512,505",0%,2016-12-08 19:59:01,2016-12-06
15,Kirkland James A,VP,S - Sale,TRMB,$30.39,"-1,500","-$45,591","21,521",-7%,2016-12-08 19:39:10,2016-12-07
16,Veneziano James,VP,S - Sale+OE,TRMB,$30.24,"-109,769","-$3,319,415","64,672",-63%,2016-12-08 19:38:54,2016-12-07
17,"Sutardja, Sehat",10%,S - Sale+OE,MRVL,$14.11,"-527,118","-$7,435,474","65,236,677",-1%,2016-12-08 19:37:06,2016-12-06
18,Conklin Bret A,"SVP, Controller",S - Sale,HMN,$41.61,"-2,693","-$112,045","39,655",-6%,2016-12-08 19:32:54,2016-12-07
19,Benioff Marc,"COB, CEO",S - Sale,CRM,$71.79,"-12,500","-$897,401","34,483,000",0%,2016-12-08 19:32:19,2016-12-08
20,Orlando John,CMO,S - Sale,EIGI,$8.00,-156,"-$1,248","72,636",0%,2016-12-08 19:30:49,2016-12-07
21,Connolly Shaun,Chief Strategy Officer,S - Sale,HDP,$8.38,"-10,654","-$89,281","613,487",-2%,2016-12-08 19:30:02,2016-12-06
22,Surdan Kenneth J,Chief Product Officer,S - Sale,EIGI,$7.87,"-2,066","-$16,254","227,294",-1%,2016-12-08 19:29:39,2016-12-06
23,Hovde Eric D,Dir,S - Sale,PLUS,$113.51,"-7,500","-$851,325","97,007",-7%,2016-12-08 19:25:42,2016-12-06
24,Brougher Francoise,Business Lead,S - Sale+OE,SQ,$14.01,"-173,077","-$2,424,768","100,133",-63%,2016-12-08 19:21:56,2016-12-07
25,Bjork Claes,Dir,S - Sale+OE,GVA,$59.80,"-1,325","-$79,235","46,718",-3%,2016-12-08 19:21:17,2016-12-06
26,Werner Frederick W,"Pres, Design, Conslt Services",S - Sale+OE,ACM,$39.00,"-6,000","-$234,000","100,977",-6%,2016-12-08 19:14:29,2016-12-06
27,Meden Scott A,EVP,S - Sale+OE,JWN,$60.00,"-5,000","-$300,000","43,720",-10%,2016-12-08 19:09:24,2016-12-07
28,Newfield Richard U Jr.,Chief Risk Mngmt Officer,S - Sale+OE,NBHC,$30.55,"-9,096","-$277,873","135,764",-6%,2016-12-08 19:07:30,2016-12-07
29,Carpenter Geoffrey,"VP, Treasurer",S - Sale,OSG,$3.30,"-1,310","-$4,316",0,-100%,2016-12-08 19:07:05,2016-12-07
30,Semechkin Andrey,"CEO, 10%",P - Purchase,ISCO,$1.75,"+285,714","+$500,000","1,560,484",+22%,2016-12-08 19:03:08,2016-12-08
31,Campion Thomas D,"COB of Dirs, 10%",S - Sale,ZUMZ,$25.04,"-150,000","-$3,755,875","2,732,373",-5%,2016-12-08 18:59:01,2016-12-06
32,Carpenter Geoffrey,Former VP and Treasurer,S - Sale,INSW,$12.35,-436,"-$5,385",0,-100%,2016-12-08 18:58:27,2016-12-07
33,Stretch Colin,"VP, GC",S - Sale,FB,$117.04,-750,"-$87,778","91,459",-1%,2016-12-08 18:55:37,2016-12-06
34,"Red Oak Partners, LLC",10%,P - Purchase,ASUR,$8.00,"+190,000","+$1,520,000","963,385",+25%,2016-12-08 18:52:32,2016-12-06
35,Willis Charles F IV,"CEO, 10%",S - Sale,WLFC,$25.46,"-40,000","-$1,018,400","2,779,565",-1%,2016-12-08 18:49:51,2016-12-08
36,Summers Lawrence Henry,Dir,S - Sale+OE,SQ,$13.75,"-23,125","-$317,969","27,382",-46%,2016-12-08 18:48:58,2016-12-07
37,Van Pelt Jill A,"SVP, Chief People Officer",S - Sale+OE,DENN,$12.68,"-9,200","-$116,663","63,319",-13%,2016-12-08 18:44:52,2016-12-07
38,Soon-Shiong Patrick,"Dir, 10%",P - Purchase,TRNC,$13.41,"+46,614","+$625,155","5,779,282",+1%,2016-12-08 18:38:49,2016-12-06
39,King Michael H.,Chief Sales Officer,S - Sale,TDOC,$19.00,"-5,000","-$95,000","71,459",-7%,2016-12-08 18:38:43,2016-12-06
40,Tan Hock E,"Pres, CEO",S - Sale,AVGO,$164.92,"-3,259","-$537,478","130,209",-2%,2016-12-08 18:30:30,2016-12-07
41,"Merrick Venture Management, LLC",10%,P - Purchase,TRNC,$13.42,"+8,500","+$114,065","6,522,594",0%,2016-12-08 18:28:02,2016-12-06
42,Nunemaker Donald A,former officer,S - Sale,WLFC,$25.53,"-4,682","-$119,529","29,869",-14%,2016-12-08 18:26:52,2016-12-07
43,Ravich Jess M,"Exec COB, 10%",S - Sale,ALJJ,$4.30,"-5,000","-$21,494","5,018,751",0%,2016-12-08 18:25:57,2016-12-08
44,Explorer Coinvest LLC,10%,S - Sale,BAH,$36.52,"-16,660,000","-$608,423,200",0,-100%,2016-12-08 18:25:33,2016-12-06
45,Berman Ann E,Dir,S - Sale+OE,EV,$43.05,"-13,188","-$567,743",0,-100%,2016-12-08 18:25:12,2016-12-08
46,Ferro Michael W Jr,"Dir, 10%",P - Purchase,TRNC,$13.42,"+8,500","+$114,065","6,522,594",0%,2016-12-08 18:25:04,2016-12-06
47,Frates James M,"SVP, Alks Inc; CFO ALKS",S - Sale+OE,ALKS,$56.28,"-23,731","-$1,335,632","185,366",-11%,2016-12-08 18:24:47,2016-12-07
48,Bergman Rick,"Pres, CEO",S - Sale+OE,SYNA,$55.02,"-10,000","-$550,213","95,488",-9%,2016-12-08 18:20:56,2016-12-06
49,McCall Patricia H,"VP, GC",S - Sale,AVGO,$164.92,-392,"-$64,649","42,493",-1%,2016-12-08 18:16:30,2016-12-07
50,"Delek Us Holdings, Inc.",10%,P - Purchase,DKL,$27.49,"+14,026","+$385,609","14,969,603",0%,2016-12-08 18:13:13,2016-12-06
51,Hartley Leonard Darryl,Dir,S - Sale,LHO,$29.78,"-10,000","-$297,783","3,400",-75%,2016-12-08 18:12:53,2016-12-06
52,Schutz James J,CEO,P - Purchase,SNOA,$4.88,"+1,000","+$4,880","11,040",+10%,2016-12-08 18:12:10,2016-12-08
53,Cornwell Kevin L,"COB, CEO, Secretary",S - Sale,UTMD,$70.10,"-5,286","-$370,543","495,425",-1%,2016-12-08 18:11:49,2016-12-07
54,Smith Winthrop H Jr,Dir,S - Sale+OE,EV,$42.19,"-5,943","-$250,752","9,000",-40%,2016-12-08 18:10:59,2016-12-07
55,Decherd Robert W,Dir,S - Sale,AHC,$6.20,"-3,200","-$19,840","52,253",-6%,2016-12-08 18:10:37,2016-12-07
56,Detrick Christine Rose,Dir,P - Purchase,FCEA.,$21.99,"+4,850","+$106,631","15,610",+45%,2016-12-08 18:09:14,2016-12-07
57,Gordon Ellen R,"Pres, 10%",P - Purchase,TR,$38.45,"+53,355","+$2,051,500","19,707,897",0%,2016-12-08 18:09:11,2016-12-06
58,Gordon Ellen R,"Pres, 10%",S - Sale+OE,TR,$38.45,"-53,355","-$2,051,500","19,707,897",0%,2016-12-08 18:09:11,2016-12-06
59,Suydam John J,GC,S - Sale,APO,$20.01,"-49,358","-$987,779","974,241",-5%,2016-12-08 18:06:28,2016-12-07
60,Pickens Boone,"Dir, 10%",S - Sale,CLNE,$3.52,"-1,000,000","-$3,519,300","14,470,000",-6%,2016-12-08 18:05:23,2016-12-06
61,Essl Gerald J,EVP,S - Sale+OE,EXP,$101.29,"-12,700","-$1,286,327","39,529",-24%,2016-12-08 17:59:45,2016-12-06
62,Biberstein Kathryn L,"EVP, CAO, CCO Alks Inc; Sec AL",S - Sale+OE,ALKS,$56.13,"-14,145","-$793,967","132,687",-10%,2016-12-08 17:58:39,2016-12-06
63,Chambers Norman C,"COB, CEO",S - Sale,NCS,$17.50,"-18,278","-$319,890","500,997",-4%,2016-12-08 17:57:09,2016-12-06
64,Burr Richelle E,"VP, GC, Secy",S - Sale+OE,PLAB,$10.20,"-10,275","-$104,767","33,609",-23%,2016-12-08 17:55:58,2016-12-06
65,Kelpy Matthew B.,Chief Accounting Officer,S - Sale+OE,GDDY,$36.29,"-10,000","-$362,920","6,259",-62%,2016-12-08 17:54:56,2016-12-08
66,Ingram Bryan,"SVP, GM, Wireless Semicon Div",S - Sale,AVGO,$164.92,-783,"-$129,133","94,071",-1%,2016-12-08 17:54:19,2016-12-07
67,Simon John,"Dir, 10%",P - Purchase,NPS,$0.25,"+569,741","+$142,435","3,091,265",+23%,2016-12-08 17:54:12,2016-12-06
68,Wagner Scott,"COO, Pres",S - Sale+OE,GDDY,$35.91,"-8,000","-$287,273","2,355",-77%,2016-12-08 17:53:56,2016-12-07
69,Rechterman Barbara J,CMO,S - Sale+OE,GDDY,$35.73,"-39,000","-$1,393,624","45,869",-46%,2016-12-08 17:53:04,2016-12-06
70,Rhodes William C III,"COB, Pres, CEO",S - Sale+OE,AZO,$793.04,"-32,000","-$25,377,294","44,819",-42%,2016-12-08 17:51:47,2016-12-07
71,Pleas Charles III,"SVP, Controller",S - Sale+OE,AZO,$808.75,"-5,600","-$4,529,003","4,372",-56%,2016-12-08 17:51:43,2016-12-07
72,Veatch Jeffrey E.,Non-Exec Observer of the Board,S - Sale,ASGN,$45.03,"-100,000","-$4,502,940","847,390",-11%,2016-12-08 17:49:18,2016-12-08
73,Kakures Dennis C,CEO,S - Sale,MGRC,$37.80,"-7,912","-$299,101","293,695",-3%,2016-12-08 17:49:10,2016-12-06
74,Blodnick Michael J,"Pres, CEO",S - Sale,GBCI,$35.92,"-100,000","-$3,592,000","368,012",-21%,2016-12-08 17:47:12,2016-12-07
75,Kitagawa Allan S,"COB, Pres, CEO",S - Sale+OE,TBNK,$32.19,"-5,807","-$186,950","176,356",-3%,2016-12-08 17:45:45,2016-12-07
76,Bates Anthony John,Pres,S - Sale,GPRO,$9.62,"-23,598","-$227,013","352,272",-6%,2016-12-08 17:44:47,2016-12-07
77,English James M,Dir,S - Sale,GBCI,$36.99,"-4,000","-$147,960","37,362",-10%,2016-12-08 17:44:45,2016-12-08
78,Kitagawa Allan S,"COB, Pres, CEO",S - Sale+OE,TBNK,$32.28,"-5,489","-$177,185","182,163",-3%,2016-12-08 17:44:05,2016-12-06
79,Wall Merrill,"EVP, Chief Admin Officer",S - Sale,WAL,$47.61,"-10,800","-$514,188","123,672",-8%,2016-12-08 17:43:21,2016-12-01
80,Steiner Michael S,"EVP, COO",S - Sale,EVI,$14.23,"-94,625","-$1,346,252","505,475",-16%,2016-12-08 17:43:07,2016-12-06
81,Lequient Frederic,SVP Global Customer Service,S - Sale,VEEV,$43.52,"-1,378","-$59,971",0,-100%,2016-12-08 17:43:04,2016-12-06
82,Neri Antonio F,"EVP, GM EG",S - Sale+OE,HPE,$23.87,"-33,405","-$797,508","4,936",-87%,2016-12-08 17:42:40,2016-12-07
83,Rossi Dino A,Dir,S - Sale,BCPC,$84.68,"-16,762","-$1,419,454","24,007",-41%,2016-12-08 17:39:14,2016-12-07
84,Trotman Stanley S Jr,Dir,S - Sale,WBMD,$53.41,"-14,520","-$775,519","21,624",-40%,2016-12-08 17:34:03,2016-12-06
85,Adler Mark J Md,Dir,S - Sale+OE,WBMD,$53.37,"-19,029","-$1,015,578","2,322",-89%,2016-12-08 17:30:40,2016-12-07
86,Fernicola Michael H,Principal Accounting Officer,S - Sale,OCLR,$8.23,"-43,709","-$359,917","72,465",-38%,2016-12-08 17:27:09,2016-12-06
87,Lieblong Alex R,Dir,S - Sale+OE,HOMB,$27.04,"-108,778","-$2,941,129","1,086,666",-9%,2016-12-08 17:23:57,2016-12-07
88,Silberstein Asaf,SVP,S - Sale,SMTC,$31.90,"-3,000","-$95,700","25,300",-11%,2016-12-08 17:23:01,2016-12-07
89,Santee David S,"EVP, COO",S - Sale,EQR,$62.63,-17,"-$1,065","51,617",0%,2016-12-08 17:21:57,2016-12-07
90,Hill Thomas W.,"Pres, CEO",S - Sale,SUM,$23.63,"-10,000","-$236,250","40,150",-20%,2016-12-08 17:21:07,2016-12-06
91,Piergallini Alfred A,Dir,S - Sale+OE,CENT,$30.91,"-27,740","-$857,513","78,558",-26%,2016-12-08 17:19:46,2016-12-07
92,Lindstrom James T,Dir,S - Sale+OE,SMTC,$31.39,"-5,000","-$156,940","23,045",-18%,2016-12-08 17:19:29,2016-12-06
93,Demark Eugene F,Dir,S - Sale,FLWS,$11.07,"-1,500","-$16,605","18,696",-7%,2016-12-08 17:19:28,2016-12-08
94,Piell Hilda Harris,"Sr MD, CHRO",S - Sale+OE,CME,$120.00,"-5,850","-$702,000","29,125",-17%,2016-12-08 17:18:44,2016-12-07
95,Brumm Joshua T,CFO,S - Sale,VSAR,$13.25,"-3,021","-$40,028","65,814",-4%,2016-12-08 17:18:40,2016-12-07
96,Springer Mary Beth,Dir,S - Sale+OE,CENT,$30.12,"-1,455","-$43,818","32,990",-4%,2016-12-08 17:18:19,2016-12-06
97,Donaker Geoffrey L,Dir,S - Sale+OE,YELP,$36.44,"-4,000","-$145,774",0,-100%,2016-12-08 17:18:11,2016-12-06
98,Ciechanover Isaac E.,CEO,S - Sale,ATRA,$17.93,"-7,200","-$129,060","1,112,822",-1%,2016-12-08 17:16:37,2016-12-06
99,Silver Point Capital L.P.,10%,S - Sale,CPS,$100.46,"-245,000","-$24,612,945","2,339,200",-9%,2016-12-08 17:16:27,2016-12-06
100,Capitanio Francis E,Pres,S - Sale+OE,BMRA,$2.89,"-10,649","-$30,780","80,000",-12%,2016-12-08 17:13:18,2016-12-06
101,Mentesana Gary A,EVP,P - Purchase,MMAC,$17.96,"+1,500","+$26,941","154,626",+1%,2016-12-08 17:13:18,2016-12-08
102,Bedinghaus Robert A.,Dir,P - Purchase,CNNB,$9.75,"+1,000","+$9,750","24,000",+4%,2016-12-08 17:12:44,2016-12-08
103,Falcone Michael L,"CEO, Pres",P - Purchase,MMAC,$17.80,+250,"+$4,450","170,279",0%,2016-12-08 17:11:14,2016-12-08
104,Bibb Judson William III,VP,P - Purchase,WARM,$0.11,+600,+$63,"1,116,200",0%,2016-12-08 17:10:20,2016-12-07
105,Dourgarian Dennis,Chief Accounting Officer,S - Sale,BSFT,$40.39,"-4,905","-$198,113","23,274",-17%,2016-12-08 17:09:48,2016-12-06
106,Nelson Kitty Kennedy,"NWLIC Pres, COO",S - Sale+OE,NWLI,$292.65,-46,"-$13,462",0,-100%,2016-12-08 17:09:34,2016-12-06
107,Bitterman Kevin,"Dir, 10%",S - Sale,EDIT,$15.82,"-75,000","-$1,186,500","3,797,144",-2%,2016-12-08 17:07:10,2016-12-07
108,"Polaris Venture Management Co. Vi, L.L.C.",10%,S - Sale,EDIT,$15.82,"-75,000","-$1,186,500","3,797,144",-2%,2016-12-08 17:07:05,2016-12-07
109,Martin Jean-Paul,CTO,S - Sale+OE,ALRM,$28.24,"-50,000","-$1,412,000","122,904",-29%,2016-12-08 17:06:19,2016-12-06
110,Burke David Gregory,"Pres, CEO",P - Purchase,SAUC,$1.45,"+9,000","+$13,067","250,513",+4%,2016-12-08 17:05:56,2016-12-07
111,Gordon Dean C,VP - SUPPLY CHAIN,S - Sale+OE,JACK,$111.63,"-7,698","-$859,347","3,981",-66%,2016-12-08 17:05:21,2016-12-07
112,Roeder Ross E,Dir,S - Sale,CHS,$16.10,"-15,000","-$241,485","119,253",-11%,2016-12-08 17:04:34,2016-12-06
113,Hutz David,Chief Systems Architect,S - Sale,ALRM,$28.38,"-3,500","-$99,330","170,022",-2%,2016-12-08 17:04:30,2016-12-06
114,Diraimo Carol A,"VP, INVESTOR REL, CORP COMM",S - Sale+OE,JACK,$110.00,"-2,000","-$220,000","15,167",-12%,2016-12-08 17:02:04,2016-12-07
115,Michelle McKenna,Dir,S - Sale,NSP,$72.66,-345,"-$25,068","1,465",-19%,2016-12-08 17:01:35,2016-12-07
116,Hight Eddie L,Dir,S - Sale,CRMT,$45.75,"-3,600","-$164,700","37,460",-9%,2016-12-08 17:01:07,2016-12-06
117,Fielding James M.,"SVP, C.C.O.",S - Sale+OE,PBNC,$41.96,"-1,507","-$63,229","13,605",-10%,2016-12-08 16:59:51,2016-12-06
118,Corr Jonathan,"Pres, CEO",S - Sale+OE,ELLI,$82.90,"-3,500","-$290,146","163,211",-2%,2016-12-08 16:59:24,2016-12-06
119,Eberwein Elise R,"EVP People, Communications",S - Sale+OE,AAL,$47.62,"-19,062","-$907,732","371,031",-5%,2016-12-08 16:58:55,2016-12-07
120,Bryant Diane M,"EVP, GM Data Center Group",S - Sale,INTC,$34.74,"-11,607","-$403,281","106,666",-10%,2016-12-08 16:58:07,2016-12-06
121,Eshelman Fredric N,Dir,P - Purchase,MDCO,$33.77,"+621,720","+$20,993,462","1,869,683",+50%,2016-12-08 16:53:49,2016-12-06
122,Dilsaver Evelyn S,Dir,S - Sale,AROPQ,$0.03,"-93,918","-$2,536","20,001",-82%,2016-12-08 16:53:35,2016-12-07
123,Haugh John N,Dir,S - Sale,AROPQ,$0.03,"-95,574","-$2,676",0,-100%,2016-12-08 16:52:31,2016-12-01
124,Jonas Howard S,"COB, CEO, 10%",P - Purchase,GNE,$5.38,"+1,573","+$8,467","9,549,987",0%,2016-12-08 16:51:22,2016-12-06
125,Arbiter Partners Capital Management LLC,10%,P - Purchase,CSU,$16.41,"+23,571","+$386,736","3,444,637",+1%,2016-12-08 16:45:55,2016-12-07
126,"Green Equity Investors Vi, L.P.","Dir, 10%",S - Sale+OE,SHAK,$35.14,"-100,000","-$3,514,000","1,712,272",-6%,2016-12-08 16:42:48,2016-12-06
127,Scholten Gary P,"EVP, Ch Info Officer",S - Sale+OE,PFG,$60.00,"-24,480","-$1,468,800","71,489",-26%,2016-12-08 16:42:20,2016-12-07
128,Benson Kirk A,CEO,S - Sale,HW,$23.56,"-516,345","-$12,166,069","1,174,993",-31%,2016-12-08 16:42:03,2016-12-08
129,Lavigne Mark Stephen,"EVP, COO",S - Sale,ENR,$45.30,"-35,952","-$1,628,626","12,484",-74%,2016-12-08 16:41:49,2016-12-06
130,Newman Donald P,Chiel Financial Officer,S - Sale,HW,$23.66,"-85,413","-$2,020,650","41,000",-68%,2016-12-08 16:41:48,2016-12-08
131,American Financial Group Inc,10%,S - Sale,SGM,$5.00,"-30,000","-$150,000","2,572,111",-1%,2016-12-08 16:41:37,2016-12-07
132,Hamm Brian K,"EVP, CFO",S - Sale,ENR,$45.30,"-29,833","-$1,351,435",0,-100%,2016-12-08 16:40:05,2016-12-06
133,Bauerlein Alison,"EVP, Finance, CFO",S - Sale,INGN,$63.40,"-3,333","-$211,316","34,999",-9%,2016-12-08 16:39:09,2016-12-06
134,Greenstein Sara A.,SVP - Consumer Solutions,S - Sale,X,$35.34,"-2,128","-$75,210","46,469",-4%,2016-12-08 16:38:49,2016-12-06
135,Sokoloff Jonathan D,"Dir, 10%",S - Sale+OE,SHAK,$35.14,"-100,000","-$3,514,000","2,122,980",-4%,2016-12-08 16:38:08,2016-12-06
136,Bensalah Nocair,VP Operations,S - Sale+OE,ERII,$8.53,"-44,248","-$377,382","19,779",-69%,2016-12-08 16:36:08,2016-03-08
137,Clemente Rodney,"VP, Global Desalination Sales",S - Sale+OE,ERII,$9.19,"-18,688","-$171,739","15,823",-54%,2016-12-08 16:35:52,2016-03-09
138,Coughlin Ron,"Pres, Personal Systems",S - Sale+OE,HPQ,$15.78,"-113,503","-$1,791,077","55,788",-67%,2016-12-08 16:35:51,2016-12-07
139,Clemente Rodney,"VP, Global Desalination Sales",S - Sale,ERII,$12.99,"-14,760","-$191,741","15,823",-48%,2016-12-08 16:35:41,2016-08-09
140,Bryant David J,"SVP, CFO, Treas.",S - Sale,RSO,$9.02,"-1,250","-$11,275","61,111",-2%,2016-12-08 16:34:23,2016-12-08
141,Ceddia Anthony F,Dir,S - Sale,ORRF,$22.15,"-1,250","-$27,681","8,304",-13%,2016-12-08 16:31:59,2016-12-07
142,Wachtel Bonnie K,Dir,S - Sale,XONE,$10.22,"-1,250","-$12,775","11,000",-10%,2016-12-08 16:30:34,2016-12-06
143,Sear Steven M,"Pres Int'l, EVP Global Sales",S - Sale+OE,DAL,$49.50,"-4,671","-$231,215","47,503",-9%,2016-12-08 16:30:09,2016-12-07
144,Dickens Marty G,Dir,S - Sale,GCO,$70.84,"-4,000","-$283,355","14,079",-22%,2016-12-08 16:29:15,2016-12-08
145,Coleman Craig E.,"Dir, 10%",P - Purchase,UBI,$0.33,"+16,078","+$5,381","27,492,756",0%,2016-12-08 16:27:49,2016-12-06
146,Pietrucha Susan E,CHRO,S - Sale+OE,AJG,$50.11,"-2,780","-$139,306",0,-100%,2016-12-08 16:27:48,2016-12-07
147,Bullock Jay Stanley,CFO,S - Sale+OE,AGII,$62.91,"-7,650","-$481,248","81,176",-9%,2016-12-08 16:26:32,2016-12-06
148,Allee Gary L,Dir,S - Sale+OE,OME,$25.00,"-20,000","-$500,000","36,101",-36%,2016-12-08 16:26:26,2016-12-08
149,Murry David D.,"SVP, CHRO",S - Sale+OE,SLCA,$55.00,"-5,971","-$328,405","8,487",-41%,2016-12-08 16:26:09,2016-12-07
150,Laverne Brandon H,CFO,S - Sale+OE,PCMI,$20.82,"-10,000","-$208,188","8,064",-55%,2016-12-08 16:25:37,2016-12-05
151,Wertheim Ram D,"EVP, Chief Legal Off, Secy",S - Sale,MBI,$10.95,"-60,000","-$657,000","536,578",-10%,2016-12-08 16:25:29,2016-12-07
152,Marshall Todd,Dir,S - Sale,WAL,$48.03,"-10,000","-$480,300","744,803",-1%,2016-12-08 16:25:12,2016-12-05
153,Vf High Conviction Fund,10%,P - Purchase,UBI,$0.33,"+16,078","+$5,381","9,852,756",0%,2016-12-08 16:24:45,2016-12-06
154,Roos Thomas E,Chief Accounting Officer,S - Sale,UNH,$157.60,"-2,000","-$315,203","21,083",-9%,2016-12-08 16:24:02,2016-12-06
155,Tenney Maurice H.,Pres-Brooks Life Sciences,S - Sale,BRKS,$16.52,"-5,000","-$82,600","198,795",-2%,2016-12-08 16:22:47,2016-12-07
156,Stone Mark,Dir,S - Sale,TWNK,$12.55,"-54,465","-$683,769","100,893",-35%,2016-12-08 16:22:47,2016-12-06
157,Pietrantoni David,Principal Accounting Officer,S - Sale,BRKS,$16.59,"-12,000","-$199,080","71,336",-14%,2016-12-08 16:21:45,2016-12-07
158,Dennis Robert J,"COB, Pres, CEO",S - Sale,GCO,$68.42,"-15,000","-$1,026,276","161,011",-9%,2016-12-08 16:21:24,2016-12-06
159,Dove Timothy L,"Pres, COO",S - Sale,PXD,$185.08,"-3,000","-$555,240","249,361",-1%,2016-12-08 16:21:10,2016-12-07
160,Carpenter Michael E.A.,Dir,S - Sale,VR,$55.39,"-14,031","-$777,114","267,702",-5%,2016-12-08 16:21:03,2016-12-06
161,Snyder Randy J.,Dir,S - Sale+OE,WAIR,$14.92,"-367,211","-$5,478,788","119,968",-75%,2016-12-08 16:20:58,2016-12-06
162,Caplan Jonathan D,SVP,S - Sale,GCO,$70.90,"-10,000","-$709,032","62,848",-14%,2016-12-08 16:19:22,2016-12-07
163,Grais Linda S,"Pres, CEO",P - Purchase,OCRX,$2.14,"+7,000","+$14,980","70,000",+11%,2016-12-08 16:18:54,2016-12-07
164,Kussell William A,Non-Exec Chairman of the Board,S - Sale,BOJA,$17.25,"-92,473","-$1,595,159","95,487",-49%,2016-12-08 16:17:21,2016-12-06
165,Garcia Pelayo Frederic,DirExprt InterparfumsSA,S - Sale+OE,IPAR,$33.63,-600,"-$20,180",0,-100%,2016-12-08 16:16:22,2016-12-06
166,Deeba Amer,"VP Corp Dev, Strat Alliances",S - Sale+OE,QLYS,$33.10,"-1,800","-$59,580","57,838",-3%,2016-12-08 16:15:53,2016-12-07
167,Siegel Kenneth M,"EVP, GC",S - Sale,NUAN,$15.82,"-7,329","-$115,956","72,625",-9%,2016-12-08 16:15:26,2016-12-06
168,Haddock Tommy L,Dir,S - Sale,BOJA,$17.25,"-150,000","-$2,587,500","480,476",-24%,2016-12-08 16:15:26,2016-12-06
169,Tartaglia Roy D,Dir,S - Sale,FCCY,$16.30,"-1,000","-$16,295","82,508",-1%,2016-12-08 16:15:12,2016-12-06
170,Stryker Ronda E,Dir,S - Sale,SYK,$113.22,"-12,000","-$1,358,686","23,944,222",0%,2016-12-08 16:14:56,2016-12-07
171,Dodd Martin H,"SVP , Sec'y., Gen. Counsel",S - Sale+OE,TRR,$9.76,"-3,742","-$36,522","128,798",-3%,2016-12-08 16:14:42,2016-12-08
172,Wang Sheldon,CTO,S - Sale+OE,HIIQ,$14.07,"-15,000","-$211,000","255,001",-6%,2016-12-08 16:14:31,2016-12-06
173,Kibler James R.,Dir,S - Sale,BOJA,$17.25,"-40,638","-$701,006","43,409",-48%,2016-12-08 16:12:48,2016-12-06
174,Miller Jeffrey Allen,Pres,S - Sale+OE,HAL,$53.17,"-6,478","-$344,435","262,554",-2%,2016-12-08 16:11:55,2016-12-06
175,Koch C James,"COB, 10%",S - Sale,SAM,$174.15,"-15,000","-$2,612,190","226,422",-6%,2016-12-08 16:10:50,2016-12-07
176,Sagan Paul,Dir,S - Sale+OE,AKAM,$64.84,"-23,258","-$1,508,049","41,822",-36%,2016-12-08 16:08:08,2016-12-07
177,Baker Marcus D.,Dir,S - Sale,NPS,$0.25,"-90,000","-$22,500","1,395,856",-6%,2016-12-08 16:07:20,2016-12-06
178,Teirlinck Didier P,"EVP, Climate Segment",S - Sale,IR,$75.89,"-7,216","-$547,636","103,483",-7%,2016-12-08 16:05:35,2016-12-07
179,Amidon Daniel Willson,"SVP, GC, Sec.",S - Sale,PDCE,$78.27,"-4,000","-$313,080","60,521",-6%,2016-12-08 16:05:25,2016-12-07
180,Swain Scott A,"SVP, CFO, Treasurer",S - Sale+OE,SSNF,$19.15,-716,"-$13,711","11,110",-6%,2016-12-08 16:04:58,2016-12-08
181,Beveridge Crawford W,Dir,S - Sale+OE,ADSK,$76.26,"-7,000","-$533,820","30,736",-19%,2016-12-08 16:03:09,2016-12-07
182,Flavin Patrick B,Dir,S - Sale,CFI,$35.00,-688,"-$24,080","13,200",-5%,2016-12-08 16:02:44,2016-12-07
183,Worthington John M,"Pres, COO",P - Purchase,NWY,$2.20,"+7,200","+$15,840","344,700",+2%,2016-12-08 16:02:21,2016-12-06
184,Parsons Joseph B.,"EVP, CFO, COO, Treasurer",S - Sale+OE,KORS,$48.32,"-130,000","-$6,281,028","139,174",-48%,2016-12-08 16:00:33,2016-12-06
185,Reinfrank Rudolph R,Dir,S - Sale+OE,PKD,$2.43,"-40,000","-$97,241","107,591",-27%,2016-12-08 16:00:11,2016-12-07
186,Miller Mark C,Dir,S - Sale+OE,SRCL,$71.89,"-6,677","-$479,992","209,449",-3%,2016-12-08 15:57:49,2016-12-06
187,McGuone James R,Secretary,S - Sale+OE,AMSWA,$10.45,"-15,523","-$162,215",0,-100%,2016-12-08 15:56:07,2016-12-06
188,Tannenbaum Leonard M,10%,P - Purchase,FSFR,$9.00,"+1,942,630","+$17,483,670","7,776,303",+33%,2016-12-08 15:55:10,2016-09-30
189,Saxon Franklin N,CEO,S - Sale,CFI,$34.52,"-3,000","-$103,560","85,997",-3%,2016-12-08 15:51:27,2016-12-07
190,Milligan Raymond Vance Qc,Dir,S - Sale,TESO,$8.60,"-1,506","-$12,952","36,193",-4%,2016-12-08 15:50:58,2016-12-07
191,Dielwart John,Dir,S - Sale,TESO,$8.60,"-1,374","-$11,816","7,292",-16%,2016-12-08 15:50:55,2016-12-07
192,Dwight Craig M,Chief Execuitive Officer,S - Sale,HBNC,$25.93,"-10,000","-$259,300","422,064",-2%,2016-12-08 15:49:00,2016-12-08
193,Rust Steven W,"EVP, Banner Bank",S - Sale,BANR,$53.35,-403,"-$21,500","9,432",-4%,2016-12-08 15:42:08,2016-12-08
194,Wascom Dennis G,VP,S - Sale,XOM,$88.00,"-7,000","-$616,000","199,557",-3%,2016-12-08 15:41:15,2016-12-07
195,Bianco Joseph R,Treasurer,P - Purchase,ABCP,$0.86,"+10,000","+$8,599","43,000",+30%,2016-12-08 15:40:45,2016-12-07
196,Cappaert Steven M,Corporate Controller,S - Sale+OE,MDP,$56.05,-124,"-$6,950","13,686",-1%,2016-12-08 15:36:11,2016-12-06
197,Shackley Nicolas I,SVP,S - Sale,ACET,$21.27,"-2,500","-$53,168","31,476",-7%,2016-12-08 15:35:15,2016-12-08
198,Webster Sean,"CEO, Pres, 10%",P - Purchase,ZZLL,$0.01,"+15,400,000","+$77,000","16,915,000",>999%,2016-12-08 15:28:56,2016-12-07
199,Jeffs Richard,10%,P - Purchase,CMXC,$0.25,"+5,000","+$1,250","2,269,832",0%,2016-12-08 15:28:08,2016-12-06
200,Rosenthal David S,"VP, Controller",S - Sale,XOM,$87.57,"-8,220","-$719,817","217,003",-4%,2016-12-08 15:26:46,2016-12-07
201,Mereness Scott T,Pres,S - Sale,DW,$108.75,"-3,000","-$326,249","158,728",-2%,2016-12-08 15:25:40,2016-12-06
202,Tissue Robert S,"SVP, CFO",S - Sale+OE,SMMF,$29.34,"-1,600","-$46,939","80,967",-2%,2016-12-08 15:16:56,2016-12-07
203,Delfassy Gilles,Dir,S - Sale,ON,$11.34,"-11,000","-$124,751","24,818",-31%,2016-12-08 15:15:48,2016-12-06
204,Milton Bryan W,VP,S - Sale,XOM,$87.42,"-10,952","-$957,460","177,084",-6%,2016-12-08 15:08:21,2016-12-07
205,Maingot Lawrence,"VP, Controller",S - Sale,GENC,$15.65,"-2,500","-$39,125","3,500",-42%,2016-12-08 15:00:45,2016-12-07
206,Galvin William,EVP - NSS,S - Sale+OE,AXE,$80.01,"-20,312","-$1,625,261","61,747",-25%,2016-12-08 15:00:16,2016-12-06
207,Nafus Edward C,Dir,S - Sale+OE,WAGE,$74.29,"-1,000","-$74,290","6,500",-13%,2016-12-08 14:56:11,2016-12-06
208,Yee James,EVP,S - Sale+OE,ASB,$24.10,"-4,660","-$112,321","58,035",-7%,2016-12-08 14:50:22,2016-12-07
209,Denaples Louis A,"Dir, 10%",P - Purchase,FNCB,$4.75,"+2,484","+$11,797","1,714,257",0%,2016-12-08 14:43:45,2016-12-07
210,Crawford William H,Dir,S - Sale,BANF,$91.17,"-5,000","-$455,869","330,980",-1%,2016-12-08 14:38:21,2016-12-08
211,Keebler Jeffrey M,"SVP-Energy Supply, Planning",P - Purchase,MGEE,$60.47,+198,"+$12,000",516,+63%,2016-12-08 14:33:59,2016-12-06
212,Gorjanc Christine Marie,CFO,S - Sale+OE,NTGR,$55.24,"-20,000","-$1,104,716","70,100",-22%,2016-12-08 14:31:54,2016-12-07
213,Chazen Stephen I,Dir,S - Sale,OXY,$69.61,"-4,000","-$278,440","1,586,078",0%,2016-12-08 14:28:41,2016-12-06
214,Peterson Bruce D,"SVP, GC",S - Sale,DTE,$95.43,"-10,000","-$954,319","24,562",-29%,2016-12-08 14:24:50,2016-12-06
215,Perceptive Advisors LLC,10%,P - Purchase,VBIV,$3.05,"+3,383,955","+$10,321,063","6,213,314",+120%,2016-12-08 14:23:33,2016-12-06
216,Samis Michael S.,Dir,S - Sale+OE,BANF,$87.59,-816,"-$71,472",0,-100%,2016-12-08 14:13:16,2016-12-06
217,Coward Stephen R,"Pres, NavTech (division)",S - Sale,NAVG,$108.03,"-1,250","-$135,038","15,987",-7%,2016-12-08 14:09:15,2016-12-06
218,Assing Fernando Rafael,"Pres, CEO",S - Sale+OE,TESO,$8.44,"-30,444","-$256,810","95,768",-24%,2016-12-08 14:05:36,2016-12-06
219,Evans Robert L,Dir,S - Sale,CHDN,$154.50,"-5,000","-$772,500","159,194",-3%,2016-12-08 14:03:31,2016-12-07
220,Fickenscher James E,CFO,P - Purchase,ZYNE,$14.08,"+7,000","+$98,570","7,000",New,2016-12-08 14:01:51,2016-12-06
221,Murphy John Francis,"SVP, Chief Accounting Officer",S - Sale,QCOM,$68.24,"-9,344","-$637,639","9,122",-51%,2016-12-08 13:54:06,2016-12-07
222,Clees John A,Dir,S - Sale,HFWA,$24.26,"-2,000","-$48,510","60,592",-3%,2016-12-08 13:50:44,2016-12-06
223,Raney Steven M,"Pres, CEO RJBank",S - Sale+OE,RJF,$73.19,"-11,310","-$827,834","26,624",-30%,2016-12-08 13:50:08,2016-12-07
224,Flocco Theodore J Jr,Dir,S - Sale,FRBK,$7.40,"-3,000","-$22,200","39,650",-7%,2016-12-08 13:36:49,2016-12-08
225,Bronson Joseph R,Dir,S - Sale+OE,JEC,$60.23,"-14,500","-$873,335","24,649",-37%,2016-12-08 13:34:05,2016-12-06
226,Welles Michael,Dir,S - Sale+OE,FORR,$40.32,"-13,000","-$524,210","18,064",-42%,2016-12-08 13:25:51,2016-12-06
227,Runkle Donald L,Dir,S - Sale,LEA,$132.22,"-3,900","-$515,658","3,944",-50%,2016-12-08 13:20:31,2016-12-07
228,Keefe William F,Dir,P - Purchase,OPOF,$23.50,"+1,500","+$35,250","4,500",+50%,2016-12-08 13:05:14,2016-12-07
229,Tucker Douglas J.,SVP Corporate Counsel,S - Sale+OE,MSBI,$35.17,"-5,000","-$175,845","7,056",-41%,2016-12-08 12:58:10,2016-12-07
230,Melvin Gary W,Dir,P - Purchase,FMBH,$32.08,"+19,869","+$637,398","683,937",+3%,2016-12-08 12:57:35,2016-12-08
231,Landau Ellis,Dir,P - Purchase,FLL,$1.95,"+1,800","+$3,510","69,645",+3%,2016-12-08 12:48:06,2016-12-06
232,Mihaylo Steven G,"CEO, 10%",P - Purchase,CXDO,$1.40,"+1,900","+$2,660","9,077,986",0%,2016-12-08 12:40:25,2016-12-07
233,Hanson Eric W,Dir,S - Sale,EBTC,$33.00,"-9,238","-$304,854","295,190",-3%,2016-12-08 12:39:33,2016-12-07
234,Yau Robert,"VP, Engin., Sect., Dir",S - Sale,GSIT,$5.49,"-25,000","-$137,213","1,030,522",-2%,2016-12-08 12:29:11,2016-12-07
235,Reddish Thomas J,"EVP, CFO",S - Sale,TCBK,$31.39,"-35,302","-$1,108,116","41,745",-46%,2016-12-08 12:19:33,2016-11-29
236,Scarborough Dean A,Exec COB,S - Sale+OE,AVY,$73.14,"-50,000","-$3,657,000","173,277",-22%,2016-12-08 12:17:49,2016-12-06
237,Haviland Richard J,Dir,S - Sale+OE,BR,$65.30,"-8,180","-$534,143","30,773",-21%,2016-12-08 12:04:32,2016-12-07
238,Brandt William F,10%,S - Sale,AMWD,$77.24,"-5,000","-$386,219","1,965,065",0%,2016-12-08 12:02:20,2016-12-06
239,Davis Clarence A,Dir,S - Sale,TDS,$28.89,-250,"-$7,221","6,899",-3%,2016-12-08 12:02:00,2016-12-07
240,Payne Larry C,Dir,P - Purchase,BPL,$62.95,"+1,000","+$62,950","4,667",+27%,2016-12-08 11:58:08,2016-12-07
241,Longe Kevin T,"Pres, CEO",S - Sale,BOOM,$16.35,"-11,000","-$179,878","100,050",-10%,2016-12-08 11:52:47,2016-12-06
242,Powell Jeffrey S,Dir,S - Sale+OE,CCNE,$24.50,"-4,773","-$116,939","255,838",-2%,2016-12-08 11:52:46,2016-12-08
243,Sorenson Arne M,"Pres, CEO",S - Sale+OE,MAR,$82.88,"-19,235","-$1,594,197","528,058",-4%,2016-12-08 11:43:19,2016-12-07
244,Bennett Paul J,EVP,S - Sale+OE,UEIC,$65.19,"-44,512","-$2,901,550","29,583",-60%,2016-12-08 11:41:21,2016-12-07
245,Carlson Capital L P,10%,S - Sale,AROCU,$13.80,"-304,900","-$4,207,850","6,688,905",-4%,2016-12-08 11:36:21,2016-12-06
246,Whitaker Darrell E,Dir,S - Sale,WRLD,$62.74,"-1,180","-$74,031","5,335",-18%,2016-12-08 11:27:49,2016-12-07
247,McAuliffe John P,Dir,P - Purchase,WHLR,$1.59,"+15,000","+$23,850","29,651",+102%,2016-12-08 11:18:23,2016-12-07
248,Barnes Michael Gene,"Exec COB, 10%",P - Purchase,TIPT,$6.50,+18,+$117,"3,802,281",0%,2016-12-08 11:13:21,2016-12-06
249,Hjelm Christopher T,EVP,S - Sale,KR,$33.25,"-15,120","-$502,755","240,433",-6%,2016-12-08 11:07:14,2016-12-07
250,Hammes Eric D.,"VP, Corp Controller, CAO",S - Sale+OE,MMM,$174.00,-436,"-$75,864","1,825",-19%,2016-12-08 11:06:19,2016-12-07
251,Cowen Scott S,Dir,P - Purchase,FCEA.,$21.76,"+7,000","+$152,320","58,819",+14%,2016-12-08 11:02:31,2016-12-07
252,Simpson Psb Fund,See below (a),S - Sale,SSD,$46.93,"-66,459","-$3,119,175","1,540,191",-4%,2016-12-08 10:51:46,2016-12-06
253,Simpson Sharon H,10%,S - Sale,SSD,$46.93,"-66,459","-$3,119,175","6,817,127",-1%,2016-12-08 10:50:47,2016-12-06
254,Katz David Martin,"SVP Sales, Marketing",S - Sale+OE,UNF,$145.95,"-1,191","-$173,826",0,-100%,2016-12-08 10:40:29,2016-12-08
255,Lynch Kevin J,"Pres, CEO",S - Sale+OE,ORIT,$17.74,"-95,857","-$1,700,282","806,086",-11%,2016-12-08 10:34:23,2016-12-06
256,Perry Glen,Former COO & President,S - Sale,ZN,$1.32,"-10,000","-$13,186","279,964",-3%,2016-12-08 10:25:24,2016-12-06
257,"Fundamental Global Investors, LLC",10%,P - Purchase,PIH,$7.56,"+115,300","+$871,903","1,006,238",+13%,2016-12-08 10:14:31,2016-12-07
258,Lennox James Patrick,EVP - Chief People Officer,S - Sale,CTSH,$54.69,"-1,612","-$88,153","10,079",-14%,2016-12-08 10:12:53,2016-12-06
259,Frank Malcolm,"EVP, Strategy, Marketing",S - Sale,CTSH,$54.68,"-8,051","-$440,225","2,649",-75%,2016-12-08 10:10:47,2016-12-06
260,Teske Todd J,"COB, Pres , CEO",S - Sale+OE,BGG,$21.50,"-20,000","-$430,000","349,083",-5%,2016-12-08 10:07:21,2016-12-06
261,Lefebvre Marvin G,EVP (CHI sub),S - Sale,CLH,$54.50,"-2,000","-$109,000","150,580",-1%,2016-12-08 10:00:00,2016-12-07
262,Link Robert Lynn,"SVP, Asst. Secretary",S - Sale,EMCI,$28.22,"-2,500","-$70,550","14,550",-15%,2016-12-08 09:57:48,2016-12-07
263,Phillips Warren R,Dir,S - Sale,CACI,$131.62,-306,"-$40,276","5,354",-5%,2016-12-08 09:57:00,2016-12-06
264,"Bulldog Investors, LLC",10%,P - Purchase,CTF,$13.13,"+1,327","+$17,423","1,178,514",0%,2016-12-08 09:42:44,2016-12-06
265,Tomchin Lawrence,Dir,S - Sale,REX,$100.00,"-2,000","-$200,000","128,380",-2%,2016-12-08 09:41:48,2016-12-07
266,Wood Stephen Michael,Dir,S - Sale+OE,NP,$88.00,-560,"-$49,280","33,625",-2%,2016-12-08 09:39:43,2016-12-07
267,Pavitt James L,Dir,S - Sale,CACI,$131.68,"-1,000","-$131,677","6,286",-14%,2016-12-08 09:38:06,2016-12-06
268,Johnson Albert C,Dir,S - Sale,HIBB,$40.40,-902,"-$36,441","2,935",-24%,2016-12-08 09:31:47,2016-12-02
269,Murphy Edward H,"Pres, CEO",P - Purchase,IZEA,$5.09,"+1,000","+$5,090","14,727",+7%,2016-12-08 08:39:17,2016-12-07
270,Flynn William J,"Pres, CEO",S - Sale,AAWW,$49.50,"-5,000","-$247,500","281,958",-2%,2016-12-08 08:33:28,2016-12-05
271,Feather-Bowman Jessica D,"Controller, PAO",P - Purchase,VSM,$26.70,"+2,000","+$53,400","8,420",+31%,2016-12-08 08:23:07,2016-12-07
272,Wong Lester A,SVP,S - Sale,KLIC,$15.91,"-10,000","-$159,134","65,232",-13%,2016-12-08 08:12:09,2016-12-06
