,Insider_Name,Insider_Title,Buy_or_Sell,Ticker,Price,Quantity,Value,Number_Owned,Change_in_Number_Owned,Filing_Date,Trade_Date
0,Laky David J,"CEO, Pres, Dir",P - Purchase,MCLN,$0.00,"+50,000",+$165,"60,000",+500%,2011-05-24 21:59:36,2011-05-20
1,Gelbaum David,"Dir, 10%",S - Sale,AXPW,$0.80,"-75,650","-$60,299","6,632,485",-1%,2011-05-24 21:51:43,2011-05-20
2,Bloom Olivia Kyusuk,"VP, Chief Acctg Officer",S - Sale+OE,GERN,$4.47,"-1,200","-$5,364","165,808",-1%,2011-05-24 21:41:50,2011-05-24
3,Spink Katharine E.,"SVP Prgm Mgmt, Cell Therapies",S - Sale+OE,GERN,$4.47,-419,"-$1,873","351,152",0%,2011-05-24 21:40:50,2011-05-24
4,Behrs Melissa Kelly,SVP Strategic Portfolio Mgmt,S - Sale+OE,GERN,$4.47,"-2,975","-$13,298","449,323",-1%,2011-05-24 21:40:15,2011-05-24
5,Earp David,"SVP Bus Dev, Chief Patnt Couns",S - Sale+OE,GERN,$4.47,"-2,975","-$13,298","519,823",-1%,2011-05-24 21:39:49,2011-05-24
6,Lebkowski Jane,"SVP, Chief Scientific Officer",S - Sale+OE,GERN,$4.47,"-2,975","-$13,298","593,416",0%,2011-05-24 21:39:20,2011-05-24
7,Greenwood David,"Pres, Interim CEO, CFO",S - Sale+OE,GERN,$4.47,"-4,462","-$19,945","788,036",-1%,2011-05-24 21:38:25,2011-05-24
8,Garner Curtis Lee Jr,CFO,P - Purchase,OTT,$18.49,+120,"+$2,218","10,681",+1%,2011-05-24 21:13:36,2011-05-20
9,Seeger Laureen,"EVP,GC, Chief Compl. Officer",S - Sale+OE,MCK,$84.67,"-38,864","-$3,290,592","2,404",-94%,2011-05-24 21:08:24,2011-05-20
10,Campbell Jeffrey C,"EVP, CFO",S - Sale+OE,MCK,$83.82,"-9,607","-$805,225","68,505",-12%,2011-05-24 21:06:32,2011-05-23
11,Flynn James E,"Possible Members of 10% Group, 10%",S - Sale,TLON,$1.00,"-373,603","-$373,113","3,706,028",-9%,2011-05-24 20:55:56,2011-05-20
12,Blake Patrick,"EVP, Group Pres",S - Sale+OE,MCK,$84.63,"-6,167","-$521,934","3,243",-66%,2011-05-24 20:55:14,2011-05-20
13,Figueredo Jorge,"EVP, HR",S - Sale+OE,MCK,$83.76,"-5,453","-$456,743",264,-95%,2011-05-24 20:46:02,2011-05-23
14,Julian Paul C,"EVP, Group Pres",S - Sale+OE,MCK,$83.81,"-20,586","-$1,725,309",399,-98%,2011-05-24 20:43:36,2011-05-23
15,Steel Partners II LP,10%,P - Purchase,ADPT,$2.90,"+385,200","+$1,118,848","36,653,611",+1%,2011-05-24 20:30:46,2011-05-20
16,Borick Steven J,"Pres, CEO, COB",S - Sale+OE,SUP,$21.55,"-2,200","-$47,410","116,691",-2%,2011-05-24 20:02:21,2011-05-23
17,Dematteo Daniel A,Exec COB,S - Sale,GME,$27.74,"-200,000","-$5,547,940","214,748",-48%,2011-05-24 20:02:11,2011-05-23
18,Cowell Andy,VP Analog Marketing,S - Sale+OE,MCRL,$11.80,"-9,600","-$113,264","1,512",-86%,2011-05-24 20:01:42,2011-05-20
19,Pilgrim Lonnie A,Dir,S - Sale,PPC,$5.74,"-41,364","-$237,541","16,230,306",0%,2011-05-24 19:53:31,2011-05-20
20,Whiting Ian Edward,"SVP, WW Sales",S - Sale+OE,BRCD,$6.48,"-37,107","-$240,386","15,830",-70%,2011-05-24 19:50:48,2011-05-20
21,McManus John L,"Pres, CEO",P - Purchase,AOLS,$0.45,"+10,300","+$4,641","70,300",+17%,2011-05-24 19:48:02,2011-05-24
22,"Samyang Optics Co., Ltd",10%,S - Sale,CORX,$0.12,"-14,446","-$1,734","10,181,033",0%,2011-05-24 19:44:43,2011-05-20
23,De Maison Angelique,"COB, 10%",P - Purchase,KNSL,$0.25,"+600,000","+$150,000","9,688,997",+7%,2011-05-24 19:34:48,2011-05-20
24,Wood Mark,"VP, HR",S - Sale+OE,BMRN,$25.80,"-1,646","-$42,473","19,211",-8%,2011-05-24 19:33:31,2011-05-23
25,Looser W Gregory,"SrVP, Chief Admin Officer",S - Sale,PDE,$41.74,"-34,951","-$1,458,855","66,851",-34%,2011-05-24 19:26:55,2011-05-20
26,Cortes Jose,Dir,S - Sale,MXWL,$15.96,"-76,200","-$1,216,156","1,312,288",-5%,2011-05-24 19:19:37,2011-05-20
27,Williams Gerard Anthony,"EVP, Chief Customer Officer",P - Purchase,FRZ,$3.01,"+8,100","+$24,393","80,100",+11%,2011-05-24 19:19:29,2011-05-20
28,Besbeck Steven M,Dir,S - Sale+OE,IRIS,$8.89,"-20,000","-$177,869","31,120",-39%,2011-05-24 19:15:15,2011-05-23
29,Zatz Steven L,EVP-Professional Svcs,S - Sale,WBMD,$50.67,"-3,826","-$193,863","61,718",-6%,2011-05-24 19:14:00,2011-05-20
30,Zinberg Marina,10%,S - Sale,BIDZ,$1.10,"-44,425","-$48,868","4,048,415",-1%,2011-05-24 19:11:58,2011-05-20
31,Street James E,"VP HR, Administr",S - Sale,KMR,$64.26,-400,"-$25,704",0,-100%,2011-05-24 19:06:04,2011-05-23
32,Young Shirley,Dir,S - Sale,CRM,$148.74,"-3,500","-$520,604","29,110",-11%,2011-05-24 19:05:12,2011-05-24
33,Mueller Edward A,Dir,S - Sale+OE,CTL,$42.82,"-23,500","-$1,006,310","692,548",-3%,2011-05-24 19:01:32,2011-05-23
34,Shoulak Judith A,"EVP Global Operations, HR",S - Sale,BWLD,$62.43,"-3,000","-$187,281","10,517",-22%,2011-05-24 19:01:23,2011-05-20
35,Fleure Thomas J,"SVP, Technology",S - Sale,GGS,$15.19,"-20,000","-$303,800","1,981,374",-1%,2011-05-24 18:59:23,2011-05-23
36,Street James E,"VP HR, Administr",S - Sale,KMR,$64.05,"-20,225","-$1,295,449",400,-98%,2011-05-24 18:57:53,2011-05-23
37,Gervais William J,"Pres, CEO, 10%",P - Purchase,QBAK,$1.79,"+8,100","+$14,459","3,171,679",0%,2011-05-24 18:56:23,2011-05-24
38,Miller Douglas S,"CFO, Treasurer",S - Sale+OE,TNAV,$16.00,"-4,256","-$68,096",0,-100%,2011-05-24 18:55:07,2011-05-23
39,Johnson George D Jr,10%,S - Sale,AEA,$5.87,"-254,197","-$1,491,199","8,419,444",-3%,2011-05-24 18:52:29,2011-05-20
40,"Warburg Pincus Private Equity X, L.P.","Dir, 10%",P - Purchase,CBPO,$14.87,"+34,899","+$518,919","4,922,420",+1%,2011-05-24 18:48:25,2011-05-20
41,Verghese P Mathew,"SVP, CFO",S - Sale,GGS,$15.05,"-3,500","-$52,675","59,064",-6%,2011-05-24 18:43:33,2011-05-23
42,Cole Andrew,"VP of HR, Organiz. Develop.",S - Sale+OE,AONE,$5.52,"-4,945","-$27,320","54,838",-8%,2011-05-24 18:36:39,2011-05-23
43,Forcier Jason,"VP, Automotive Group",S - Sale+OE,AONE,$5.52,"-4,945","-$27,319","54,838",-8%,2011-05-24 18:36:09,2011-05-23
44,Johnson Robert Joseph,"VP, GM, Energy Sol'ns Group",S - Sale+OE,AONE,$5.52,"-4,945","-$27,320","39,838",-11%,2011-05-24 18:35:51,2011-05-23
45,Taylor Ronald L,Senior Advisor/Director,S - Sale+OE,DV,$53.89,"-23,051","-$1,242,218","994,294",-2%,2011-05-24 18:34:22,2011-05-24
46,Lindberg Craig Anthony,"SVP, Strategic Initiatives",S - Sale,GGS,$15.00,"-1,500","-$22,504","904,866",0%,2011-05-24 18:32:52,2011-05-23
47,Diaz Sherry,Controller,S - Sale,GLRE,$26.55,-787,"-$20,895","16,289",-5%,2011-05-24 18:31:26,2011-05-20
48,Street James E,"VP, HR, Administ",S - Sale,KMP,$73.00,"-10,000","-$730,014",0,-100%,2011-05-24 18:30:20,2011-05-23
49,Gunst Richard,CFO,S - Sale+OE,DV,$54.00,-500,"-$27,000","9,356",-5%,2011-05-24 18:25:43,2011-05-24
50,Clark Edward J,Dir,P - Purchase,MBWM,$9.00,"+1,000","+$9,000","42,656",+2%,2011-05-24 18:24:14,2011-05-23
51,Rady Ernest S,"Exec COB, 10%",P - Purchase,AAT,$21.41,"+25,000","+$535,182","5,421,077",0%,2011-05-24 18:20:03,2011-05-23
52,Diker Charles M,"COB, 10%",S - Sale,CMN,$26.84,"-3,000","-$80,520","2,346,867",0%,2011-05-24 18:18:24,2011-04-06
53,Jenkins James Boucher,CEO,P - Purchase,WWAY,$4.55,"+2,000","+$9,099","167,816",+1%,2011-05-24 18:17:17,2011-05-24
54,King Mark A,"SVP Sales, Marketing",S - Sale+OE,DIOD,$30.03,-600,"-$18,021","17,924",-3%,2011-05-24 18:15:12,2011-05-20
55,Clark Colin Gavin,SVP of Emerging Brands,S - Sale,DECK,$89.88,"-7,689","-$691,087","58,600",-12%,2011-05-24 18:13:31,2011-05-24
56,Hidalgo Claudio,"Pres, Nextel Chile",S - Sale,NIHD,$42.00,"-2,201","-$92,442","9,776",-18%,2011-05-24 18:13:28,2011-05-24
57,Simmons Harold C,"COB, 10%",P - Purchase,VHI,$39.55,"+1,394","+$55,133","107,248,018",0%,2011-05-24 18:11:16,2011-05-24
58,Walicek Bruce A,"Pres, CEO",P - Purchase,PXLW,$2.42,"+5,000","+$12,123","292,705",+2%,2011-05-24 18:06:03,2011-05-20
59,McClanahan David M,"Pres, CEO",S - Sale+OE,CNP,$18.75,"-100,000","-$1,875,280","706,306",-12%,2011-05-24 18:05:00,2011-05-23
60,Delevic Ivan,"SVP Strategic Mktg, Bus Develo",S - Sale+OE,MAKO,$31.53,"-8,500","-$267,968",0,-100%,2011-05-24 18:03:39,2011-05-23
61,Carroll Milton,Dir,S - Sale,CNP,$18.95,"-40,000","-$757,884","141,000",-22%,2011-05-24 18:02:54,2011-05-20
62,Garcia Russell R.,"EVP Marketing, Sales",S - Sale,MSCC,$20.99,"-6,000","-$125,951","47,000",-11%,2011-05-24 18:02:09,2011-05-24
63,Hart John R,Dir,P - Purchase,PICO,$30.26,+60,"+$1,816","27,002",0%,2011-05-24 18:01:08,2011-05-20
64,Altschul Arthur G Jr,Dir,S - Sale+OE,MRX,$36.87,"-21,000","-$774,203","6,186",-77%,2011-05-24 18:00:15,2011-05-20
65,Schatz Douglas S,Dir,S - Sale,AEIS,$14.37,"-34,955","-$502,203","3,621,224",-1%,2011-05-24 17:55:18,2011-05-23
66,Colter Gary F,Dir,S - Sale+OE,CORE,$34.51,"-5,280","-$182,216","3,872",-58%,2011-05-24 17:55:10,2011-05-20
67,Addington Hills Ltd.,10%,S - Sale,XXIA,$16.06,"-30,000","-$481,788","10,462,894",0%,2011-05-24 17:46:06,2011-05-20
68,Lancaster Ronny B,Dir,S - Sale+OE,OSUR,$7.65,"-102,715","-$785,962","15,000",-87%,2011-05-24 17:43:24,2011-05-20
69,Wood Stephen W,"EVP, HR",S - Sale+OE,DISH,$30.04,"-3,480","-$104,539",814,-81%,2011-05-24 17:41:49,2011-05-20
70,Agin Joerg,Dir,S - Sale+OE,DTSI,$45.17,"-6,167","-$278,552","9,000",-41%,2011-05-24 17:41:10,2011-05-23
71,Zellner Michael W,"VP, Finance, CFO",S - Sale,PMCS,$8.12,"-7,669","-$62,272","75,133",-9%,2011-05-24 17:39:34,2011-05-20
72,Johnston Marlin W,Dir,S - Sale,USPH,$24.89,"-5,000","-$124,450","25,990",-16%,2011-05-24 17:34:06,2011-05-24
73,Magee Richard L,"SVP, G.C., Secretary",S - Sale+OE,NPO,$43.86,"-27,029","-$1,185,524","53,305",-34%,2011-05-24 17:30:38,2011-05-19
74,Iversen Bernt G II,EVP,S - Sale+OE,TDG,$80.44,"-12,500","-$1,005,531",0,-100%,2011-05-24 17:27:39,2011-05-23
75,Everson Dennis A,Dir,S - Sale,AGM,$17.57,"-1,046","-$18,383","3,477",-23%,2011-05-24 17:26:21,2011-05-24
76,Collins John D,Dir,P - Purchase,MRH,$26.00,"+1,000","+$26,000","19,459",+5%,2011-05-24 17:25:43,2011-05-23
77,Dixon Denmar John,"Vice COB, Exec. VP",P - Purchase,WAC,$17.27,"+5,000","+$86,347","222,099",+2%,2011-05-24 17:24:03,2011-05-24
78,Denholm Robyn M,EVP CFO,S - Sale+OE,JNPR,$39.04,"-1,625","-$63,440",0,-100%,2011-05-24 17:22:57,2011-05-20
79,Saylor Michael J,"COB, Pres, CEO, 10%",S - Sale,MSTR,$140.59,-900,"-$126,529",0,-100%,2011-05-24 17:19:54,2011-05-20
80,McLaughlin Mark D,"CEO, Pres",S - Sale+OE,VRSN,$36.75,"-10,596","-$389,365","237,313",-4%,2011-05-24 17:19:09,2011-05-23
81,Berry D Randolph,Dir,P - Purchase,PEOP,$13.90,"+2,000","+$27,797","45,419",+5%,2011-05-24 17:19:05,2011-05-23
82,Saylor Michael J,"COB, Pres, CEO, 10%",S - Sale+OE,MSTR,$140.21,"-29,100","-$4,080,012",900,-97%,2011-05-24 17:18:51,2011-05-20
83,Guinan Thomas,"EVP, CLO",S - Sale+OE,ORIT,$12.38,"-2,500","-$30,950","126,026",-2%,2011-05-24 17:18:31,2011-05-23
84,Value Holdings Capital S.A.,10%,P - Purchase,CHBT,$10.03,"+216,658","+$2,173,353","3,714,846",+6%,2011-05-24 17:17:43,2011-05-20
85,Street James E,"VP, HR, Administ",P - Purchase,KMI,$28.41,"+72,800","+$2,067,908","156,090",+87%,2011-05-24 17:17:40,2011-05-23
86,Padovani Roberto,"EVP, CTO",S - Sale+OE,QCOM,$56.53,"-20,000","-$1,130,600",0,-100%,2011-05-24 17:17:02,2011-05-23
87,Freiberg Gregory William,"SVP, CFO",S - Sale,SVVS,$39.29,"-9,777","-$384,095","25,000",-28%,2011-05-24 17:16:13,2011-05-20
88,Vondeylen Jeffrey H,"SVP-Global Ops, Client Servs",S - Sale,SVVS,$39.30,"-25,000","-$982,458","66,563",-27%,2011-05-24 17:14:37,2011-05-20
89,Benacin Philippe,"Pres, 10%",S - Sale+OE,IPAR,$20.86,"-33,700","-$703,051","6,960,160",0%,2011-05-24 17:13:44,2011-05-20
90,Carey Albert P,"Pres, CEO Frito-Lay",S - Sale,PEP,$71.35,"-6,800","-$485,193","136,117",-5%,2011-05-24 17:13:00,2011-05-20
91,Pellow James P,Dir,S - Sale,SVVS,$39.29,"-6,500","-$255,387","11,165",-37%,2011-05-24 17:12:57,2011-05-20
92,Dolby Ray,10%,S - Sale+OE,DLB,$47.35,"-20,000","-$946,916",100,-100%,2011-05-24 17:12:22,2011-05-23
93,Frazee John P Jr,Dir,S - Sale,CCMP,$48.33,"-2,000","-$96,654","5,500",-27%,2011-05-24 17:11:20,2011-05-24
94,Mussallem Michael A,"COB, CEO",S - Sale+OE,EW,$87.73,"-35,000","-$3,070,448","322,503",-10%,2011-05-24 17:11:02,2011-05-23
95,Shepard Gregory M,10%,P - Purchase,DGICA,$13.13,"+81,303","+$1,067,164","3,513,220",+2%,2011-05-24 17:10:57,2011-05-17
96,Abdalla Zein,CEO PepsiCo Europe,S - Sale+OE,PEP,$71.37,"-110,130","-$7,860,364","189,045",-37%,2011-05-24 17:10:38,2011-05-20
97,Tipton Todd N.,EVP - Exploration,S - Sale,SD,$10.59,"-7,629","-$80,825","252,677",-3%,2011-05-24 17:08:52,2011-05-20
98,Value Holdings Capital S.A.,10%,P - Purchase,CHBT,$9.88,"+107,658","+$1,063,276","3,498,188",+3%,2011-05-24 17:07:34,2011-05-20
99,Barton Don,Dir,P - Purchase,OVLY,$6.07,"+5,000","+$30,357","15,000",+50%,2011-05-24 17:07:33,2011-05-10
100,Sculley Andrew George Jr,"CEO, Pres",S - Sale+OE,EMAN,$6.52,"-27,890","-$181,781",0,-100%,2011-05-24 17:06:51,2011-05-20
101,Meckler Alan M,"COB, CEO",S - Sale+OE,WEBM,$1.45,"-77,200","-$111,854","16,096,905",0%,2011-05-24 17:04:05,2011-05-20
102,Murray Margaret A,Dir,P - Purchase,FCZA,$4.00,"+20,000","+$80,000","222,022",+10%,2011-05-24 17:01:15,2011-05-23
103,Anka Marton B,CTO,S - Sale+OE,LOGM,$40.81,"-5,000","-$204,033","713,352",-1%,2011-05-24 17:01:15,2011-05-23
104,Dirks Douglas D,"Pres, CEO",P - Purchase,EIG,$16.11,"+4,100","+$66,047","178,809",+2%,2011-05-24 17:00:30,2011-05-23
105,Sanders George/,EVP,S - Sale,FINL,$23.00,"-10,000","-$230,000","75,393",-12%,2011-05-24 16:59:58,2011-05-20
106,Value Holdings Capital S.A.,10%,P - Purchase,CHBT,$9.46,"+25,684","+$243,027","3,390,730",+1%,2011-05-24 16:59:08,2011-05-20
107,McDowell Richard E,Dir,S - Sale+OE,NWBI,$12.28,"-8,215","-$100,893","153,100",-5%,2011-05-24 16:56:03,2011-05-23
108,Mulligan Perry,SVP - WW Operations,S - Sale+OE,QLGC,$16.69,"-5,809","-$96,952",0,-100%,2011-05-24 16:55:51,2011-05-23
109,Robinson Craig A,COO,P - Purchase,GSB,$2.13,"+4,757","+$10,132","100,000",+5%,2011-05-24 16:54:37,2011-05-24
110,Schwenck Price W,CEO,P - Purchase,JAXB,$6.65,"+5,000","+$33,258","34,050",+17%,2011-05-24 16:54:05,2011-05-20
111,Lynch Richard J.,Dir,P - Purchase,TXCC,$3.16,"+10,000","+$31,600","20,417",+96%,2011-05-24 16:52:25,2011-05-24
112,Hawkins Mark J,"EVP, CFO",S - Sale+OE,ADSK,$41.45,"-37,500","-$1,554,491","55,046",-41%,2011-05-24 16:49:50,2011-05-23
113,Ignat David W,Dir,S - Sale+OE,NDSN,$49.89,"-2,870","-$143,184","3,500,858",0%,2011-05-24 16:49:49,2011-05-24
114,"Freshford Capital Management, LLC",10%,P - Purchase,MOVE,$2.00,"+356,600","+$712,700","18,329,144",+2%,2011-05-24 16:49:34,2011-05-20
115,Pasquesi John M,Vice Chairman,S - Sale,ACGL,$34.59,"-130,503","-$4,514,386","1,305,134",-9%,2011-05-24 16:49:21,2011-05-20
116,Scott Gloria R,Dir,S - Sale,L,$42.00,-149,"-$6,258",0,-100%,2011-05-24 16:49:17,2011-05-19
117,Kuester Frederick D,"EVP, CFO",S - Sale+OE,WEC,$31.60,"-45,000","-$1,422,000","56,021",-45%,2011-05-24 16:47:27,2011-05-20
118,Holtzman Seymour,"Dir, 10%",P - Purchase,CMRG,$3.75,"+10,000","+$37,500","4,085,584",0%,2011-05-24 16:46:29,2011-05-24
119,Morch Otto C,Dir,S - Sale,HDSN,$1.90,"-1,500","-$2,850","6,300",-19%,2011-05-24 16:45:25,2011-05-20
120,Samuel Sato M,"Pres, CMO",S - Sale+OE,FINL,$23.00,"-4,000","-$92,000","23,376",-15%,2011-05-24 16:43:17,2011-05-20
121,Madar Jean,"CEO, 10%",S - Sale+OE,IPAR,$20.86,"-33,700","-$703,051","7,259,841",0%,2011-05-24 16:42:07,2011-05-20
122,Creamer Sean R,EVP of U.S. Media Services,S - Sale,ARB,$41.10,"-8,535","-$350,789","101,397",-8%,2011-05-24 16:41:40,2011-05-23
123,Rassaby Alan A,"SVP, GC, Secretary",S - Sale+OE,RNOW,$33.06,"-20,000","-$661,200","3,646",-85%,2011-05-24 16:41:17,2011-05-20
124,Crawford Edward F,"CEO, COB, 10%",S - Sale,PKOH,$21.45,"-2,000","-$42,900","2,138,172",0%,2011-05-24 16:40:53,2011-05-20
125,Herring Joseph L,"COB, CEO",S - Sale+OE,CVD,$59.41,"-25,249","-$1,500,043","262,493",-9%,2011-05-24 16:40:30,2011-05-20
126,Rothblatt Martine A,CEO,S - Sale,UTHR,$64.84,-69,"-$4,474","567,063",0%,2011-05-24 16:38:53,2011-05-24
127,Spence Andrew B,"VP, CFO",S - Sale+OE,AMRC,$14.67,"-28,000","-$410,892",0,-100%,2011-05-24 16:38:01,2011-05-23
128,Kelfer Gerald D,"Pres, CEO",S - Sale,AVTR,$16.16,"-27,000","-$436,266","110,469",-20%,2011-05-24 16:37:58,2011-05-20
129,Singh Alok,See Note (5) Below,S - Sale,VR,$32.65,"-157,683","-$5,148,870","4,639,667",-3%,2011-05-24 16:35:09,2011-05-20
130,Derrington Keith A,EVP,S - Sale+OE,AMRC,$15.00,-400,"-$6,000",0,-100%,2011-05-24 16:35:05,2011-05-23
131,Olli Amy Fliegelman,"EVP, GC",S - Sale,CA,$23.05,"-47,633","-$1,097,798","108,416",-31%,2011-05-24 16:34:51,2011-05-20
132,Reddick Frank,Dir,S - Sale+OE,WOOF,$24.61,"-32,500","-$799,916","9,800",-77%,2011-05-24 16:33:18,2011-05-20
133,Zimmer George,"COB, CEO",S - Sale,MW,$32.43,"-25,000","-$810,770","2,221,810",-1%,2011-05-24 16:33:01,2011-05-20
134,Ott Alexander,Dir,S - Sale,QLIK,$31.51,"-25,000","-$787,700","604,936",-4%,2011-05-24 16:32:59,2011-05-23
135,McLean Malcom P Jr,Dir,S - Sale,TRBR,$2.00,"-500,000","-$1,000,000","943,922",-35%,2011-05-24 16:32:54,2011-05-23
136,Stevens Allen L,Dir,P - Purchase,TRBR,$2.00,"+500,000","+$1,000,000","582,850",+604%,2011-05-24 16:32:23,2011-05-23
137,Brutoco Rinaldo S,Dir,S - Sale,MW,$32.40,"-3,074","-$99,585","19,698",-13%,2011-05-24 16:32:08,2011-05-20
138,Jeffs Roger,"Pres, COO",S - Sale+OE,UTHR,$65.60,"-10,000","-$656,000","22,062",-31%,2011-05-24 16:31:53,2011-05-20
139,Robinson Tanya D,Dir,P - Purchase,TDBK,$0.36,"+14,000","+$5,040","25,300",+124%,2011-05-24 16:31:48,2011-05-20
140,Lamm Jacob,"EVP, Strategy, Corporate Dev",S - Sale,CA,$22.80,"-18,527","-$422,490","102,911",-15%,2011-05-24 16:31:36,2011-05-23
141,Davison Jeffrey C,"CFO, SVP, Treasurer",S - Sale+OE,RNOW,$33.13,"-10,000","-$331,300",0,-100%,2011-05-24 16:31:01,2011-05-20
142,Smith Gary B,"Pres, CEO",S - Sale,CIEN,$26.26,"-4,800","-$126,052","544,419",-1%,2011-05-24 16:30:53,2011-05-20
143,Vitale Mary Beth,Dir,P - Purchase,COBZ,$6.51,+500,"+$3,255","5,500",+10%,2011-05-24 16:30:10,2011-05-23
144,Van Eis Jan,VP International Operations,S - Sale,ACET,$6.97,-760,"-$5,297","4,450",-15%,2011-05-24 16:29:54,2011-05-24
145,McGurk William J,Dir,P - Purchase,RCKB,$9.71,+300,"+$2,913","224,640",0%,2011-05-24 16:28:46,2011-05-20
146,Osborne Richard M,"COB, CEO, 10%",S - Sale,EGAS,$11.26,"-10,000","-$112,595","2,022,271",0%,2011-05-24 16:28:26,2011-05-23
147,Krock Alan,Dir,S - Sale,NETL,$35.90,"-7,500","-$269,226",0,-100%,2011-05-24 16:27:12,2011-05-20
148,Tuckson Reed Vaughn,"EVP, Chief of Medical Affairs",S - Sale+OE,UNH,$50.35,"-140,000","-$7,048,692","112,071",-56%,2011-05-24 16:23:05,2011-05-20
149,Chin Peter,"CEO, 10%",S - Sale,DBYC,$0.00,"-100,000,000","-$10,000","1,236,826,879",-7%,2011-05-24 16:22:05,2011-05-20
150,Birbeck John,"Pres, CEO",P - Purchase,CTIG,$0.09,"+7,100",+$639,"443,600",+2%,2011-05-24 16:21:26,2011-05-24
151,Oboy Scott A,CFO,P - Purchase,CMOH,$17.55,+500,"+$8,775","2,718",+23%,2011-05-24 16:21:21,2011-05-24
152,Beauchamp Robert E,"COB, Pres, CEO",S - Sale,BMC,$54.86,"-15,728","-$862,807","766,234",-2%,2011-05-24 16:21:00,2011-05-20
153,Evans James E,"Sr. V. Pres, Gen. Counsel",S - Sale+OE,AFG,$34.92,"-22,500","-$785,755","221,578",-9%,2011-05-24 16:19:57,2011-05-20
154,Vinson Harry,"Pres, Print Svs. Group",P - Purchase,CVO,$6.12,"+3,500","+$21,420","530,980",+1%,2011-05-24 16:18:41,2011-05-23
155,Malek Frederic V,Dir,P - Purchase,DFT,$24.86,"+7,700","+$191,433","238,979",+3%,2011-05-24 16:17:28,2011-05-20
156,Angelo Michael F,Dir,S - Sale,VHC,$21.99,"-5,000","-$109,968","26,256",-16%,2011-05-24 16:16:27,2011-05-23
157,Lindner Carl H III,"Co-CEO, Co-Pres",S - Sale+OE,AFG,$35.39,"-40,883","-$1,446,915","6,617,253",-1%,2011-05-24 16:14:30,2011-05-20
158,Hall Keith A.,Pres,S - Sale,GCOM,$14.12,"-1,000","-$14,120","84,523",-1%,2011-05-24 16:13:27,2011-05-20
159,Orlov George,CTO,S - Sale+OE,FORR,$37.73,"-1,791","-$67,574",78,-96%,2011-05-24 16:12:36,2011-05-20
160,Broglio Ronald J,Dir,S - Sale,CVA,$16.56,"-4,800","-$79,488","4,729",-50%,2011-05-24 16:11:09,2011-05-20
161,Basone Michael,"Pres, WW.com, CTO",S - Sale+OE,WTW,$85.01,"-10,500","-$892,588","2,511",-81%,2011-05-24 16:09:39,2011-05-24
162,Osterkorn Eugene A,"VP, Controller, Ops",S - Sale+OE,ITW,$57.50,"-10,650","-$612,387","3,771",-74%,2011-05-24 16:09:03,2011-05-20
163,Heyman John H,CEO,S - Sale+OE,RADS,$19.59,"-12,500","-$244,863","380,334",-3%,2011-05-24 16:05:29,2011-05-23
164,1992 Grat Remainder Trust Fbo Gary Lauder,"Trust with Insider, 10%",S - Sale+OE,EL,$100.45,"-25,000","-$2,511,256","621,503",-4%,2011-05-24 16:05:28,2011-05-20
165,Gutshall Thomas L,Dir,S - Sale+OE,CPHD,$31.08,"-5,000","-$155,401","886,075",-1%,2011-05-24 16:05:23,2011-05-20
166,Booth Kenneth,CFO,S - Sale,CACC,$78.50,-500,"-$39,250","17,974",-3%,2011-05-24 16:04:31,2011-05-23
167,Jones Steven M,Pres,S - Sale,CACC,$75.92,-790,"-$59,979","73,331",-1%,2011-05-24 16:02:15,2011-05-20
168,Asher Anthony J,Dir,P - Purchase,TFSL,$12.35,"+1,295","+$15,989","35,845",+4%,2011-05-24 15:59:48,2008-08-29
169,Jones Evan/ Fa,Dir,P - Purchase,FLDM,$14.29,"+29,700","+$424,331","37,200",+396%,2011-05-24 15:57:48,2011-05-20
170,Urstadt Charles J,"COB, CEO, 10%",P - Purchase,UBA,$18.41,"+100,000","+$1,841,000","286,425",+54%,2011-05-24 15:51:34,2011-05-20
171,Urstadt Charles J,"COB, CEO, 10%",S - Sale,UBA,$18.41,"-100,000","-$1,841,000","286,425",-26%,2011-05-24 15:51:34,2011-05-20
172,Brown David A,"EVP, COO",S - Sale,CSX,$76.60,"-5,000","-$382,975","50,255",-9%,2011-05-24 15:49:53,2011-05-20
173,Parker Geoffrey M.,"SVP, CFO",P - Purchase,ANAC,$5.95,"+10,000","+$59,532","30,000",+50%,2011-05-24 15:44:31,2011-05-23
174,Aylesworth William A,Dir,P - Purchase,HSKA,$8.83,+600,"+$5,295","22,820",+3%,2011-05-24 15:38:01,2011-05-20
175,Costello Kevin,Dir,P - Purchase,CBEY,$13.70,"+10,000","+$137,000","16,950",+144%,2011-05-24 15:36:54,2011-05-24
176,Slater A Joseph Jr,Dir,P - Purchase,TCFC,$16.50,+600,"+$9,900","10,857",+6%,2011-05-24 15:35:28,2011-05-23
177,Buck Robert R,COB,S - Sale+OE,BECN,$20.82,"-30,000","-$624,600","66,317",-31%,2011-05-24 15:35:26,2011-05-23
178,Brant Jerry Dee,Pres of a Subsidiary,P - Purchase,PRA,$68.43,+100,"+$6,843","5,194",+2%,2011-05-24 15:31:55,2011-05-23
179,Aanensen Theodore J,Dir,S - Sale,KRNY,$9.19,"-5,500","-$50,545","67,463",-8%,2011-05-24 15:30:06,2011-05-20
180,Heisler Robert B Jr,Dir,P - Purchase,MYE,$9.97,"+1,000","+$9,970","1,000",New,2011-05-24 15:28:50,2011-05-23
181,Palmedo Philip F,Dir,P - Purchase,GYRO,$0.00,+400,+$0,"13,724",+3%,2011-05-24 15:26:49,2011-05-23
182,Liotta Gary P,SVP,P - Purchase,FFIC,$13.40,"+3,000","+$40,200","11,892",+34%,2011-05-24 15:24:08,2011-05-23
183,Restivo James P,CHIEF KNOWLEDGE OFFICER,S - Sale+OE,KNXA,$33.19,"-5,692","-$188,917","44,000",-11%,2011-05-24 15:23:24,2011-05-20
184,Hassan Emil E,Dir,S - Sale+OE,NHC,$14.99,"-1,800","-$26,982","64,700",-3%,2011-05-24 15:21:58,2011-05-23
185,Robinson Warren L,Dir,P - Purchase,BKH,$30.71,"+1,500","+$46,070","6,093",+33%,2011-05-24 15:19:32,2011-05-20
186,Mildenhall Joseph N,CIO,P - Purchase,LOPE,$12.42,"+1,550","+$19,251","2,650",+141%,2011-05-24 15:14:06,2011-05-23
187,Dunne John R,Dir,S - Sale,RE,$90.17,"-2,500","-$225,416","8,129",-24%,2011-05-24 15:13:03,2011-05-20
188,Hudson Harris W,Dir,P - Purchase,SWSH,$5.70,"+96,870","+$551,781","1,033,689",+10%,2011-05-24 15:10:09,2011-05-23
189,Walcott Peter W,"SVP, GC",S - Sale,ENTG,$8.42,-360,"-$3,029","55,634",-1%,2011-05-24 15:07:30,2011-02-23
190,Ederle Kenneth,"SVP, GMM-DXL",S - Sale,CMRG,$3.81,"-2,410","-$9,180","30,845",-7%,2011-05-24 15:04:18,2011-05-23
191,Steinour Stephen D,Dir,P - Purchase,LRY,$34.60,"+5,782","+$200,031","26,879",+27%,2011-05-24 15:00:40,2011-05-23
192,McKinney Jack R,"SVP, CIO",S - Sale,CMRG,$3.81,"-6,666","-$25,391","126,419",-5%,2011-05-24 14:57:30,2011-05-23
193,Smith Vickie,"SVP, Planning, Allocation",S - Sale,CMRG,$3.81,"-6,666","-$25,391","29,688",-18%,2011-05-24 14:48:49,2011-05-23
194,Loy Bertrand,"EVP, COO",S - Sale,ENTG,$8.85,"-10,495","-$92,907","280,213",-4%,2011-05-24 14:48:43,2011-05-20
195,Carter Thomas,"EVP, CFO",P - Purchase,NXST,$7.01,+500,"+$3,505","1,197",+72%,2011-05-24 14:38:52,2011-05-23
196,Sook Perry A,"CEO, Pres",P - Purchase,NXST,$7.00,"+2,951","+$20,657","373,514",+1%,2011-05-24 14:37:25,2011-05-23
197,Everett G Carl Jr,Dir,S - Sale+OE,FORM,$9.15,"-2,316","-$21,199","35,345",-6%,2011-05-24 14:34:33,2011-05-23
198,Dewet Pierre J,Dir,P - Purchase,SBSI,$19.80,"+2,000","+$39,600","18,741",+12%,2011-05-24 14:26:21,2011-05-24
199,"Winwheel Bullion Holdings, LLC",10%,S - Sale,WWBU,$0.50,"-1,700,000","-$850,000","3,030,000",-36%,2011-05-24 14:23:23,2011-05-11
200,Marmaduke John H,"Pres, CEO, 10%",S - Sale,HAST,$4.75,"-13,000","-$61,790","2,647,378",0%,2011-05-24 14:21:35,2011-05-20
201,Woods Warren David,VP,S - Sale+OE,ANV,$34.25,"-8,667","-$296,845","10,000",-46%,2011-05-24 14:18:00,2011-05-20
202,Shott Michael R,Dir,P - Purchase,FCBS,$12.63,"+4,083","+$51,577","19,500",+26%,2011-05-24 14:16:48,2011-05-20
203,Schwarz Mark E,"COB, 10%",P - Purchase,HALL,$6.92,"+13,864","+$95,954","7,853,750",0%,2011-05-24 14:16:35,2011-05-20
204,Hudson Richard W,CFO,S - Sale,HCSG,$17.89,-733,"-$13,113","11,329",-6%,2011-05-24 14:13:58,2011-05-19
205,Merkadeau Stuart L,SVP GC,S - Sale+OE,FORM,$9.15,-764,"-$6,993","18,909",-4%,2011-05-24 14:08:50,2011-05-23
206,Blech Isaac,"Dir, 10%",P - Purchase,SCLW,$0.40,"+12,500,000","+$5,000,000","22,500,000",+125%,2011-05-24 14:05:49,2011-05-20
207,Dean Doug,"SVP, Research, Development",S - Sale,PM,$70.12,"-12,734","-$892,904","60,010",-18%,2011-05-24 14:02:33,2011-05-20
208,Mayer John G,Dir,S - Sale+OE,TTMI,$17.12,"-4,000","-$68,464","24,010",-14%,2011-05-24 14:00:39,2011-05-20
209,Brownson James J,Dir,P - Purchase,QCRH,$9.25,+250,"+$2,313","51,977",0%,2011-05-24 13:59:05,2011-05-24
210,Lee Theresa K,"SVP, Chief Legal, Admin Ofc",S - Sale+OE,EMN,$104.56,"-20,323","-$2,125,059","18,044",-53%,2011-05-24 13:52:29,2011-05-20
211,Reynolds Michael,CFO,P - Purchase,PCBK,$8.61,+500,"+$4,305","15,238",+3%,2011-05-24 13:51:07,2011-05-24
212,"Endeavour Capital Iv, LLC",10%,S - Sale,LOPE,$13.30,"-1,000,000","-$13,300,000","4,000,000",-20%,2011-05-24 13:48:49,2011-05-16
213,Endeavour Capital Fund IV LP,10%,S - Sale,LOPE,$13.30,"-851,393","-$11,323,527","3,405,569",-20%,2011-05-24 13:47:10,2011-05-16
214,Endeavour Capital Parallel Fund IV LP,10%,S - Sale,LOPE,$13.30,"-96,404","-$1,282,173","385,617",-20%,2011-05-24 13:45:32,2011-05-16
215,Endeavour Associates Fund IV LP,10%,S - Sale,LOPE,$13.30,"-52,203","-$694,300","208,814",-20%,2011-05-24 13:44:11,2011-05-16
216,Eugster Jack W,Dir,P - Purchase,BKH,$30.79,"+2,000","+$61,582","15,000",+15%,2011-05-24 13:36:46,2011-05-20
217,Lapeyre James M Jr,Dir,P - Purchase,IO,$9.16,"+30,000","+$274,815","9,850,332",0%,2011-05-24 13:36:21,2011-05-23
218,Pak Young,Dir,P - Purchase,WIBC,$3.23,"+2,000","+$6,460","661,572",0%,2011-05-24 13:32:46,2011-05-23
219,Woodward James H Jr,SVP - CFO,P - Purchase,ACW,$13.10,"+5,000","+$65,497","39,890",+14%,2011-05-24 13:29:44,2011-05-23
220,Moore Thomas Evans,SVP,S - Sale+OE,VSAT,$43.51,"-18,750","-$815,738","7,935",-70%,2011-05-24 13:26:32,2011-05-20
221,Holtzman Seymour,"Dir, 10%",P - Purchase,CMRG,$3.77,"+31,815","+$119,943","4,075,584",+1%,2011-05-24 13:25:33,2011-05-23
222,Auld-Susott Evan,CEO,P - Purchase,HNIN,$0.25,"+50,000","+$12,500","2,882,450",+2%,2011-05-24 13:15:38,2011-05-23
223,McConnaughhay Trudy P,Principal Accounting Officer,S - Sale,GLBL,$5.97,"-10,000","-$59,700","14,609",-41%,2011-05-24 13:11:14,2011-05-23
224,Cannada Charles T,Dir,P - Purchase,PKY,$17.43,"+2,000","+$34,853","10,063",+25%,2011-05-24 13:05:04,2011-05-23
225,Phillips Donald James II,"Pres, Fund Research",S - Sale+OE,MORN,$60.01,"-1,000","-$60,012","359,096",0%,2011-05-24 12:54:18,2011-05-20
226,Gianoni Michael P,"EVP, Group Pres",S - Sale,FISV,$63.67,-385,"-$24,514","8,260",-4%,2011-05-24 12:51:34,2011-05-20
227,Mollusk Holdings LLC,10%,S - Sale,LF,$4.47,"-30,000","-$134,100","3,177,091",-1%,2011-05-24 12:35:18,2011-05-23
228,Woodman Dean S,Dir,S - Sale+OE,SCLN,$5.79,"-10,000","-$57,883","70,000",-13%,2011-05-24 12:31:37,2011-05-23
229,Fisher Richard T,Dir,S - Sale,LEG,$25.50,"-3,500","-$89,250","168,185",-2%,2011-05-24 12:27:22,2011-05-23
230,Shea Constance C,Dir,P - Purchase,BHB,$28.88,+200,"+$5,776","2,300",+10%,2011-05-24 12:26:09,2011-05-23
231,Longtin Joel Curtis,Dir,P - Purchase,GCFB,$4.01,"+4,810","+$19,266","19,569",+33%,2011-05-24 12:24:50,2011-05-20
232,Cooper John M,"VP, CIO",P - Purchase,ECOL,$15.75,+700,"+$11,025","8,000",+10%,2011-05-24 12:23:23,2011-05-24
233,Dixon Mark T,Regional Pres,S - Sale+OE,WFMI,$59.37,"-4,952","-$294,008",0,-100%,2011-05-24 12:21:46,2011-05-23
234,Sindelar David M,CEO,P - Purchase,VIAS,$19.57,"+4,000","+$78,290","137,320",+3%,2011-05-24 12:21:09,2011-05-23
235,Lawson John K,Dir,P - Purchase,QCRH,$9.23,+600,"+$5,536","44,320",+1%,2011-05-24 12:19:09,2011-05-23
236,Widmer Urs,Head of Industrial,S - Sale+OE,MTD,$169.08,"-4,630","-$782,840","8,913",-34%,2011-05-24 12:16:46,2011-05-20
237,Fritch Herbert A,"COB, CEO",S - Sale,HS,$42.17,"-7,500","-$316,275","2,443,302",0%,2011-05-24 12:14:44,2011-05-23
238,Bruno John G,EVP,S - Sale+OE,NCR,$19.42,"-50,000","-$970,750","255,728",-16%,2011-05-24 12:12:57,2011-05-20
239,Raffone Lawrence M.,"EVP, Sales",S - Sale+OE,FNGN,$24.94,"-20,000","-$498,896","129,483",-13%,2011-05-24 12:06:50,2011-05-23
240,Strickler David Z Jr,"VP-Finance, Administration",P - Purchase,IRLD,$0.55,"+9,100","+$5,005","16,600",+121%,2011-05-24 12:03:17,2011-05-20
241,Gifford Micheal L,EVP Business Development,S - Sale+OE,SCKT,$3.00,"-2,017","-$6,051","19,140",-10%,2011-05-24 12:00:33,2011-05-23
242,Bernstein Howard,Dir,S - Sale,BELFB,$18.96,"-1,000","-$18,963","426,000",0%,2011-05-24 11:56:30,2011-05-20
243,Schmitt Andrew B,Dir,P - Purchase,EEFT,$17.00,"+2,500","+$42,500","38,008",+7%,2011-05-24 11:53:27,2011-05-23
244,Arkin Moshe,Dir,S - Sale,PRGO,$87.00,-400,"-$34,800","5,234,397",0%,2011-05-24 11:51:42,2011-05-20
245,Stout David M,Dir,S - Sale+OE,ARG,$67.03,"-5,000","-$335,150","18,501",-21%,2011-05-24 11:51:24,2011-05-20
246,Behneman Madalyn,Principal Financial Officer,S - Sale+OE,INTX,$13.99,"-7,020","-$98,210","11,867",-37%,2011-05-24 11:50:49,2011-05-19
247,Howley W Nicholas,CEO,S - Sale+OE,TDG,$83.64,"-85,000","-$7,109,195",0,-100%,2011-05-24 11:49:21,2011-05-19
248,Lawther Krill Katherine,"Pres, CEO",S - Sale,ANN,$28.74,"-10,000","-$287,400","437,431",-2%,2011-05-24 11:47:45,2011-05-20
249,Lawrence IRA D,Dir,S - Sale+OE,SCLN,$5.77,"-60,000","-$346,287",0,-100%,2011-05-24 11:42:40,2011-05-20
250,Nickles Allen R,Dir,P - Purchase,FCZA,$4.00,"+37,963","+$151,852","50,088",+313%,2011-05-24 11:39:59,2011-05-23
251,Falck Danmark A/s,10%,S - Sale,RURL,$17.09,"-418,498","-$7,152,131","3,306,526",-11%,2011-05-24 11:39:50,2011-05-19
252,White Patrick,CEO,P - Purchase,DMC,$3.22,"+3,600","+$11,592","810,800",0%,2011-05-24 11:24:22,2011-05-23
253,Hockemeyer Rex A,EVP,P - Purchase,UBSH,$12.51,+8,+$100,"2,728",0%,2011-05-24 11:23:42,2011-05-23
254,Germain Claude,Interim Co-CEO,S - Sale,SMTX,$2.22,"-1,900","-$4,218","12,400",-13%,2011-05-24 11:19:55,2011-05-20
255,Elkhorn Partners Limited Partnership,10%,P - Purchase,ORBT,$4.05,"+3,400","+$13,770","701,500",0%,2011-05-24 11:19:44,2011-05-20
256,Zinsner David,"VP, Finance, CFO",S - Sale+OE,ADI,$42.09,"-5,000","-$210,460","8,772",-36%,2011-05-24 11:18:54,2011-05-20
257,Otten Anthony L.,CEO,P - Purchase,VSR,$3.35,"+1,500","+$5,022","47,500",+3%,2011-05-24 11:18:06,2011-05-23
258,Hassman Alan R,Dir,S - Sale,METR,$11.40,"-5,000","-$57,000","170,624",-3%,2011-05-24 11:17:53,2011-05-20
259,Seif Margaret K,"VP, GC, Secretary",S - Sale+OE,ADI,$42.10,"-14,000","-$589,360",0,-100%,2011-05-24 11:17:53,2011-05-20
260,Fuller Samuel H,"VP, RESEARCH, DEVELOPMENT",S - Sale+OE,ADI,$42.08,"-5,000","-$210,385","5,040",-50%,2011-05-24 11:17:48,2011-05-20
261,McGeachy N. Roderick III,"Pres, CEO",P - Purchase,TBAC,$2.10,"+7,500","+$15,713","27,732",+37%,2011-05-24 11:14:49,2011-05-20
262,Granholm Jennifer M,Dir,P - Purchase,DOW,$36.40,"+2,170","+$78,985","2,170",New,2011-05-24 11:12:43,2011-05-20
263,Murray Margaret A,Dir,P - Purchase,FCZA,$4.00,"+20,000","+$80,000","202,022",+11%,2011-05-24 11:10:13,2011-05-23
264,Eaton Jonathan,"MD, Custom Clearing Services",S - Sale,LPLA,$34.07,"-1,250","-$42,588","258,156",0%,2011-05-24 11:07:35,2011-05-23
265,Marino Gary O,"Pres, CEO, 10%",P - Purchase,BARA,$2.00,"+150,000","+$300,000","568,283",+36%,2011-05-24 11:05:40,2011-05-23
266,Schwartz Brad E,CEO of bank,P - Purchase,MNRK,$7.65,+500,"+$3,825","21,825",+2%,2011-05-24 10:57:45,2011-05-23
267,Konesky Gregory Alan,Dir,S - Sale,BVX,$2.99,-800,"-$2,392","2,500",-24%,2011-05-24 10:49:44,2011-05-20
268,Bone Dennis M,Dir,P - Purchase,ROMA,$10.62,"+1,500","+$15,929","1,500",New,2011-05-24 10:21:22,2011-05-23
269,Welborn Wesley Miller,Dir,P - Purchase,CSBQ,$1.25,+500,+$625,"23,474",+2%,2011-05-24 10:13:37,2011-05-23
270,Birbeck John,"Pres, CEO",P - Purchase,CTIG,$0.08,"+30,000","+$2,375","436,500",+7%,2011-05-24 10:06:21,2011-05-23
271,Lamb Paul L,Dir,P - Purchase,GYRO,$67.00,+600,"+$40,200","25,867",+2%,2011-05-24 10:00:16,2011-05-23
272,Sullivan Thomas D,COB; Founder,S - Sale,LL,$26.03,"-101,740","-$2,648,353","2,498,061",-4%,2011-05-24 09:47:38,2011-05-23
273,Second Curve Capital LLC,10%,S - Sale,TAYC,$9.65,"-6,000","-$57,920","2,031,283",0%,2011-05-24 09:41:24,2011-05-20
274,Bugher Mark D,Dir,P - Purchase,MGEE,$41.45,+270,"+$11,191",620,+77%,2011-05-24 09:37:12,2011-05-23
275,Herbert Patrick J III,"Dir, 10%",S - Sale+OE,CAS,$18.15,"-3,601","-$65,358","31,311",-10%,2011-05-24 09:36:32,2011-05-23
276,Becker Steven R,Dir,P - Purchase,HOTT,$7.20,"+96,000","+$691,418","3,234,849",+3%,2011-05-24 09:28:24,2011-05-20
277,Dougherty Michael D.,VP Global New Market Devel,S - Sale,PII,$104.74,-750,"-$78,551","2,000",-27%,2011-05-24 09:24:30,2011-05-05
278,Drapkin Matthew A,Dir,P - Purchase,HOTT,$7.20,"+96,000","+$691,418","3,234,849",+3%,2011-05-24 09:24:19,2011-05-20
279,Berman Brad,"CEO, 10%",P - Purchase,ANFC,$1.20,"+97,410","+$116,892","12,159,064",+1%,2011-05-24 09:15:31,2011-05-20
280,Fribourg Paul J,Dir,S - Sale,L,$41.91,"-7,000","-$293,370",0,-100%,2011-05-24 09:08:01,2011-05-20
281,Kozy William A,EVP,S - Sale,BDX,$89.23,"-6,500","-$579,995","97,407",-6%,2011-05-24 08:57:31,2011-05-20
282,Birbeck John,"Pres, CEO",P - Purchase,CTIG,$0.09,"+2,000",+$176,"406,500",0%,2011-05-24 08:47:55,2011-05-20
283,Heneghan Barry,MD,P - Purchase,FMD,$1.80,"+20,000","+$36,096","147,903",+16%,2011-05-24 07:47:42,2011-05-20
284,Gelber Seth Aaron,MD,P - Purchase,FMD,$1.80,"+20,000","+$36,094","150,217",+15%,2011-05-24 07:46:25,2011-05-20
285,Hastings Reed,CEO,S - Sale+OE,NFLX,$243.00,"-5,000","-$1,215,000","1,222,215",0%,2011-05-24 06:14:07,2011-05-19
